k=4
1 2
1 5
1 12
2 3
2 8
3 4
3 15
4 5
4 19
5 6
6 7
6 22
7 8
7 25
8 9
9 10
9 30
10 11
11 12
11 35
12 13
13 14
13 40
14 15
15 16
15 48
16 17
17 18
17 50
18 19
19 20
19 2
20 21
21 22
21 7
22 23
23 24
23 10
24 25
25 26
25 14
26 27
27 28
27 18
28 29
29 30
29 21
30 31
31 32
31 25
32 33
33 34
33 29
34 35
35 36
35 3
36 37
37 38
37 8
38 39
39 40
39 12
40 41
41 42
41 16
46 47
46 20
47 48
48 49
48 24
49 50
50 1
50 28
1 25
5 30
10 40
15 45
20 50
8 33
14 38
19 41
2 27
7 32
12 37
17 46
22 49
24 2
29 6
34 11
39 17
44 21
49 26
4 31
9 36
14 41
18 47
23 48
11 22
16 27
31 42
36 47
41 2
42 43
42 44
42 45
43 44
43 45
44 45