k=5
56 94
15 84
29 33
79 86
39 71
30 33
27 35
34 66
16 75
20 55
28 74
32 62
1 2
41 90
1 3
2 59
2 4
11 40
39 57
44 93
1 76
27 31
24 34
3 76
29 82
14 47
61 73
11 67
63 86
33 75
18 55
19 37
21 88
58 87
1 24
25 72
57 93
1 5
32 61
2 51
33 76
13 59
49 89
38 72
31 71
15 57
29 81
88 95
46 53
7 78
11 34
6 78
11 97
13 67
31 33
31 67
9 91
8 67
17 74
21 86
68 78
50 75
7 76
24 74
3 67
20 86
55 90
48 83
89 100
20 95
35 63
20 45
6 59
37 74
4 17
15 58
1 53
18 97
51 98
45 50
17 28
54 67
45 97
27 34
33 84
28 39
2 30
5 44
12 61
33 96
3 36
68 80
32 36
21 84
78 80
65 76
3 54
83 85
8 85
36 47
57 77
34 36
50 90
25 42
2 100
2 82
8 62
58 88
36 90
27 87
23 41
2 3
86 99
65 89
30 76
50 77
34 88
21 62
6 36
23 90
78 97
45 64
47 66
42 48
25 98
1 55
4 6
9 20
49 64
24 57
1 20
14 28
9 100
15 32
26 83
25 89
11 65
68 76
82 89
3 34
13 52
9 76
3 26
48 55
60 68
42 59
4 28
6 94
17 21
34 61
18 98
62 98
15 38
5 11
46 57
42 82
11 95
19 74
80 88
2 79
24 76
28 95
36 98
7 48
10 49
17 59
17 38
30 83
37 94
13 20
31 37
6 8
52 86
62 89
64 69
59 77
15 19
60 83
51 88
76 81
32 90
13 16
69 82
3 74
56 87
50 76
46 56
72 97
50 62
57 67
63 88
32 60
4 23
9 35
8 72
57 74
20 75
4 40
73 96
70 96
44 46
17 76
21 69
78 96
37 78
25 63
8 91
4 78
22 29
92 96
70 75
13 100
14 88
62 66
5 77
75 77
83 94
50 70
4 54
38 89
61 85
9 31
54 81
42 73
15 77
10 31
45 53
58 93
15 16
39 83
24 90
46 75
35 88
33 97
51 60
60 99
45 86
10 92
5 48
57 68
37 49
32 58
59 95
20 39
59 71
38 86
50 88
13 15
44 79
7 67
21 96
85 87
48 57
32 33
3 5
18 92
29 47
9 52
15 71
28 60
16 24
70 82
4 5
42 50
36 82
84 98
74 96
78 94
31 89
62 97
32 57
88 89
24 66
31 87
16 71
15 59
16 30
6 60
52 99
33 61
32 75
34 77
18 82
83 95
39 76
15 70
85 90
12 94
19 23
60 72
74 86
11 96
21 38
28 55
22 85
12 49
1 42
18 31
14 70
27 41
21 53
10 94
15 31
19 49
55 80
1 90
23 96
13 66
53 58
3 92
67 82
22 54
27 39
41 79
77 99
74 97
55 57
35 80
51 54
1 80
82 98
1 60
39 98
34 72
46 79
3 75
6 67
46 54
4 31
22 92
3 79
65 91
56 66
18 35
3 7
56 59
26 70
46 72
27 47
53 75
40 72
7 79
23 73
6 27
72 76
69 92
44 88
58 79
8 98
35 43
19 96
29 57
40 80
16 39
61 96
41 72
32 87
5 75
23 39
3 4
47 57
9 93
33 90
40 93
56 81
58 72
51 52
37 97
73 79
6 19
20 76
26 86
34 67
20 30
6 66
42 88
29 91
10 66
1 29
18 72
15 23
13 75
21 49
53 73
2 84
5 13
50 86
2 5
5 36
29 69
44 97
31 72
80 87
32 82
44 67
14 75
40 69
86 94
11 66
21 82
41 51
68 95
49 51
29 77
28 79
1 47
93 98
49 86
10 65
49 97
38 75
83 91
31 61
13 50
10 41
42 57
29 43
87 97
12 26
8 86
19 77
58 100
4 96
74 81
81 97
49 67
15 81
62 92
7 45
71 89
33 91
59 80
15 21
2 65
20 100
29 38
45 100
7 49
67 80
38 60
44 53
30 86
17 87
44 45
21 79
76 98
82 84
48 77
52 91
60 89
24 94
12 74
32 77
37 96
19 92
56 92
7 42
24 100
47 98
83 99
1 85
34 62
18 100
44 56
36 73
28 81
21 71
43 70
12 83
58 81
79 83
23 44
7 27
22 44
23 24
5 99
1 4
5 87
69 81
60 90
26 62
66 100
30 74
54 65
7 83
28 87
46 66
14 78
41 83
10 34
28 32
7 87
60 92
56 99
63 76
63 64
13 49
14 26
16 73
29 36
49 76
45 72
34 63
2 81
25 68
32 93
18 86
37 59
11 44
6 54
14 27
2 70
2 35
31 75
73 100
41 100
76 94
33 48
38 76
30 41
28 34
34 51
10 73
9 87
15 88
6 44
50 97
8 28
13 82
27 55
73 83
33 39
55 73
