k=15
456 480
182 239
311 355
119 367
328 332
28 235
137 420
80 151
184 299
79 494
10 227
17 144
88 339
70 428
189 338
184 409
264 382
75 454
313 386
332 371
233 415
37 106
400 421
109 179
142 341
94 269
135 326
75 112
187 411
9 253
265 496
113 472
120 249
195 374
288 331
50 478
284 477
141 270
266 487
206 497
241 434
180 306
256 258
238 385
54 158
14 192
248 448
69 178
442 500
20 42
343 374
12 107
182 391
145 426
362 495
460 495
89 201
1 478
276 483
126 349
368 453
15 359
265 383
6 162
244 395
178 180
66 276
46 325
278 407
63 93
43 465
145 497
348 420
298 413
10 430
286 310
32 297
172 350
216 277
252 348
185 247
248 342
428 451
38 155
26 400
175 291
53 161
75 203
99 414
29 93
297 390
49 306
93 276
261 384
59 218
40 177
204 355
5 234
308 321
21 39
15 64
30 66
172 202
66 370
76 227
82 494
85 435
303 348
142 403
292 348
298 338
55 120
376 403
295 305
167 389
154 389
37 145
397 489
156 477
195 370
459 466
218 225
82 136
9 442
395 405
330 334
40 176
242 329
106 369
224 314
148 338
314 335
45 57
375 409
337 489
51 372
84 458
160 182
300 349
123 280
242 303
42 156
129 178
158 238
148 391
217 330
276 389
324 397
42 452
229 425
64 224
124 145
131 237
255 462
64 357
198 335
131 343
88 373
144 210
184 325
183 321
153 465
71 359
229 268
308 328
241 412
320 447
398 419
130 464
46 234
165 261
106 406
197 499
22 427
109 275
237 351
92 479
22 431
188 460
17 226
119 136
143 434
454 457
17 303
80 122
14 97
50 274
136 202
285 428
24 203
123 454
228 258
237 370
167 386
319 325
49 60
103 484
66 99
226 397
5 110
4 299
93 130
25 130
124 390
185 461
1 454
111 239
10 300
15 261
45 127
428 439
259 316
296 434
271 451
397 472
287 346
184 186
194 493
11 246
245 335
361 452
88 109
103 121
179 212
279 354
41 114
338 466
165 182
103 379
132 277
55 171
248 258
216 356
128 406
323 476
127 357
100 125
49 388
196 410
14 465
77 276
240 441
66 108
259 326
114 126
36 410
390 453
173 416
10 425
23 288
238 239
287 299
162 444
115 155
371 423
263 287
232 392
222 419
52 258
70 282
94 363
55 337
123 475
124 148
13 77
245 276
293 366
346 449
302 429
159 444
85 401
73 379
313 426
177 362
223 454
208 493
58 329
36 83
21 379
206 275
228 476
236 386
180 326
356 467
440 455
154 277
71 460
114 177
175 383
113 478
147 396
207 324
134 439
30 427
147 393
12 21
2 114
350 365
34 48
437 484
265 345
445 471
36 397
4 7
85 425
451 475
321 468
313 319
25 222
263 492
102 309
84 200
338 367
110 431
273 498
328 483
131 178
133 354
226 420
53 468
32 211
50 483
35 267
78 162
131 276
136 346
22 99
6 171
210 230
117 164
199 394
165 287
313 460
109 226
78 309
56 471
238 482
171 239
219 485
155 420
223 415
370 473
26 267
37 199
179 284
69 239
171 240
44 312
119 393
119 254
103 477
451 484
51 339
82 383
230 294
54 424
90 356
226 406
402 419
486 492
148 277
290 329
49 451
49 342
2 249
121 349
294 360
8 167
144 345
233 308
194 468
17 218
321 360
338 383
132 411
330 459
264 325
118 344
146 369
86 356
288 336
214 359
138 197
195 495
113 234
260 265
127 294
404 460
389 413
118 320
354 452
194 352
10 461
315 457
118 413
175 472
163 404
299 445
67 459
45 336
27 41
143 184
147 180
274 307
262 470
329 414
141 407
277 457
23 344
176 404
78 164
91 231
16 249
415 466
91 173
265 317
367 492
108 140
125 141
44 88
42 345
200 255
43 473
156 289
15 340
179 261
147 461
27 431
27 76
62 266
130 228
395 450
135 414
216 413
321 492
94 325
18 235
121 343
239 248
339 497
488 493
91 340
46 245
57 365
64 108
57 266
110 459
173 226
426 447
101 105
174 176
50 146
386 397
5 10
57 184
136 485
262 441
212 256
196 470
319 429
166 187
42 280
424 474
77 444
185 453
71 101
367 373
6 180
18 406
237 384
260 428
210 355
214 348
47 453
276 362
252 397
53 156
96 111
134 277
139 428
107 311
131 418
39 61
27 430
252 294
107 153
34 499
71 224
291 319
449 486
128 482
20 193
390 408
236 372
168 441
190 447
272 402
112 135
199 480
156 486
3 261
448 496
274 373
25 50
13 448
327 367
143 433
55 436
35 213
66 77
94 233
64 429
59 184
159 471
184 383
160 396
40 326
399 445
480 482
170 270
297 316
61 398
167 268
391 452
98 164
104 435
47 479
347 427
2 5
320 349
170 331
182 362
51 234
51 86
72 227
9 281
56 83
68 477
66 296
254 451
325 498
341 357
318 425
92 191
28 130
16 163
80 310
366 371
17 454
224 450
110 122
123 304
82 100
32 440
135 212
32 61
71 251
111 143
206 413
271 492
6 229
3 234
151 483
51 224
237 252
92 473
293 479
379 476
184 317
61 213
134 272
36 423
134 327
216 255
9 280
104 110
342 479
233 500
323 487
411 477
112 354
8 257
294 364
172 336
123 457
200 348
143 317
143 432
42 246
382 436
89 329
52 409
322 497
279 452
196 302
269 398
86 434
211 341
252 364
185 228
177 309
353 446
33 400
116 435
188 418
161 290
292 355
418 427
7 292
398 449
326 450
135 488
33 291
240 261
125 273
224 387
335 454
397 450
226 381
265 378
170 209
12 474
202 356
143 148
17 394
185 358
187 296
281 401
109 201
343 415
44 426
118 353
155 484
60 323
325 358
315 432
344 417
223 259
172 188
155 255
39 274
17 333
280 423
170 303
264 336
271 310
204 308
84 402
128 146
159 217
122 305
236 447
36 332
397 421
197 352
16 382
9 75
159 292
156 497
96 363
192 332
109 165
53 372
135 405
215 327
373 404
140 241
425 440
207 486
197 449
272 491
139 226
241 459
335 370
88 168
12 14
46 410
172 310
358 417
87 267
175 245
139 391
56 81
87 219
318 444
47 356
44 94
303 481
46 173
141 160
109 128
50 140
10 333
47 304
150 412
164 370
6 7
421 461
255 444
79 157
138 366
95 353
72 498
126 363
306 381
5 468
210 459
382 387
249 316
213 391
136 214
12 35
115 200
124 412
270 381
352 369
206 308
297 407
394 469
195 272
25 36
28 271
388 487
173 397
251 289
291 413
123 145
88 324
309 458
383 408
340 387
53 408
306 423
43 428
5 119
47 282
91 128
112 234
371 462
16 205
87 285
79 176
21 255
25 267
252 469
38 351
372 382
475 484
264 489
47 309
222 229
118 411
216 294
268 484
449 472
2 102
121 331
34 260
120 365
304 487
156 483
89 117
82 105
300 443
394 446
65 102
260 315
127 451
408 424
223 247
58 66
282 326
115 123
451 492
417 430
10 88
104 141
313 482
30 343
48 77
229 242
15 170
78 325
58 435
66 389
406 422
117 475
99 195
98 443
138 285
214 475
426 499
83 468
333 438
257 349
159 219
100 432
343 426
85 365
186 277
356 391
1 86
21 48
24 242
174 185
367 433
290 315
77 471
75 97
145 168
38 209
39 459
121 339
314 433
308 373
132 480
116 374
276 324
10 499
96 448
77 264
89 382
342 427
118 432
148 367
214 449
258 289
8 186
268 291
9 113
415 418
31 129
69 276
144 263
87 411
254 438
62 401
185 343
175 373
143 428
29 258
143 188
99 485
134 269
290 476
121 231
266 358
163 232
3 206
286 376
295 476
155 487
102 182
80 460
79 311
82 158
91 141
70 218
142 190
67 259
205 401
125 468
99 150
32 369
293 347
10 436
110 457
80 86
53 364
27 57
32 78
318 348
102 344
40 284
39 73
134 158
179 472
65 160
24 444
138 372
202 387
14 52
11 181
144 259
36 103
58 181
96 121
178 486
145 253
11 298
312 378
164 414
139 381
15 458
70 296
325 432
134 366
240 255
69 121
113 306
107 130
174 286
210 399
47 289
373 462
137 349
456 484
411 426
286 370
158 486
130 406
1 5
12 348
126 330
272 355
34 112
354 408
69 347
106 115
136 237
431 439
81 170
485 494
48 329
103 202
154 401
364 433
251 438
171 346
161 307
241 302
51 74
226 244
8 272
69 371
128 177
111 212
351 452
68 192
313 431
88 408
130 184
292 399
128 288
130 324
184 245
146 336
319 462
93 228
154 300
137 496
64 107
195 331
82 256
86 422
58 102
41 93
219 457
302 472
317 439
105 246
354 462
35 204
121 301
150 244
100 112
42 363
58 105
310 330
379 396
67 409
307 358
196 326
378 458
441 467
74 108
150 364
15 242
141 304
206 319
282 380
293 317
245 441
127 252
272 376
115 344
227 285
36 277
181 280
154 414
48 424
189 344
425 464
64 415
119 374
176 255
393 494
57 301
272 396
15 182
126 479
268 283
48 188
242 289
27 49
130 175
168 196
365 414
433 472
350 494
317 378
393 463
6 189
132 290
453 496
40 239
276 390
151 494
203 416
158 253
4 315
247 500
163 479
157 318
391 430
252 445
56 72
153 447
9 453
90 459
28 38
362 427
87 436
277 365
412 423
25 371
209 410
274 281
79 165
269 491
87 253
212 414
26 80
368 459
207 462
55 364
404 479
59 75
387 415
47 336
7 49
428 460
168 296
83 299
187 304
187 269
104 482
25 170
321 466
212 280
116 319
64 301
167 322
253 321
42 80
99 494
85 470
94 243
11 278
250 477
353 456
235 331
29 208
343 495
58 343
34 407
76 176
157 389
390 495
63 253
64 148
82 374
60 125
358 476
398 497
171 411
464 499
81 138
147 192
100 213
4 276
80 85
47 234
6 240
119 126
47 130
193 478
368 465
74 455
276 470
250 346
207 295
247 341
367 484
202 400
97 409
214 282
401 476
454 492
51 240
112 321
102 154
155 214
71 343
72 316
220 255
1 171
350 438
96 97
109 285
120 366
8 76
78 435
48 76
129 360
152 269
428 495
12 274
219 421
119 149
125 357
216 495
449 488
23 45
150 484
34 52
351 438
409 484
58 372
10 313
245 298
122 377
72 419
128 184
142 358
324 405
87 453
5 499
310 425
433 474
334 447
372 410
16 411
173 299
72 273
191 306
10 240
184 491
345 374
21 303
179 405
231 263
281 395
143 312
219 345
36 143
231 362
168 455
61 247
205 458
123 147
154 355
167 421
61 109
233 350
261 294
52 249
34 354
115 306
20 367
116 455
27 82
208 332
160 485
26 336
293 426
82 449
318 439
14 488
209 358
238 353
147 389
57 131
272 407
135 393
236 421
26 204
50 305
154 394
84 413
275 496
294 482
166 495
166 247
153 159
304 455
7 10
310 492
94 384
369 472
12 391
422 476
97 129
221 246
177 330
194 450
60 201
252 341
255 411
452 455
52 149
172 183
100 227
235 447
306 358
113 331
131 255
121 426
257 473
23 110
186 428
15 215
111 311
33 302
5 220
261 386
243 253
7 72
148 282
335 473
96 253
25 375
69 190
356 435
154 363
139 247
25 99
216 276
144 428
205 450
86 303
169 270
141 392
283 374
23 159
91 220
19 139
194 212
121 381
55 177
133 422
155 240
71 225
83 322
25 180
281 353
19 386
52 250
384 441
182 231
304 394
25 370
122 375
11 163
54 378
40 146
61 217
104 127
198 218
382 429
12 191
100 490
123 434
9 383
11 33
205 454
266 498
142 242
195 329
174 373
96 463
182 321
223 428
90 412
19 213
56 298
197 480
351 358
9 39
58 63
268 398
63 484
45 259
21 263
196 340
17 488
61 464
336 363
372 488
186 215
55 320
93 143
148 270
121 163
169 187
80 333
264 452
136 398
90 209
53 467
204 411
159 408
240 405
301 494
83 176
5 256
194 270
107 302
112 225
26 220
39 495
19 339
71 401
133 289
336 444
137 304
117 369
380 439
135 151
13 112
381 401
164 391
112 289
388 415
112 301
62 160
116 192
227 408
138 389
211 285
178 188
33 357
180 377
24 381
230 412
186 307
28 143
97 419
132 443
12 112
27 116
85 290
183 411
41 69
445 456
19 471
11 14
163 366
273 405
52 221
21 300
130 245
46 177
121 222
39 496
86 179
26 99
43 114
221 243
33 85
130 283
19 314
173 335
10 246
247 365
318 500
23 171
305 316
251 446
133 167
400 464
251 266
292 391
47 328
195 236
198 250
42 92
62 188
169 497
41 129
157 474
274 434
208 245
101 367
368 409
314 354
101 192
102 255
158 420
65 149
175 370
41 433
164 171
65 449
128 381
85 175
69 439
118 401
223 396
304 474
230 263
104 415
328 441
268 422
348 395
54 296
106 350
202 229
161 189
111 174
155 312
444 454
80 89
156 239
219 276
19 396
408 420
144 285
100 182
374 450
20 379
417 442
358 451
81 409
129 313
373 397
107 244
450 464
129 160
197 387
104 455
12 131
265 451
68 287
266 377
121 340
180 499
4 378
109 462
28 198
408 468
98 305
192 228
203 430
380 444
109 281
217 322
336 340
79 110
408 489
309 378
41 305
92 265
259 311
35 151
57 133
247 451
189 400
51 254
245 433
9 135
227 439
98 470
35 408
381 408
300 395
148 343
189 234
61 63
211 491
114 123
79 130
308 470
396 466
169 321
121 468
40 202
102 361
223 443
475 496
279 281
48 221
76 425
183 389
335 491
369 468
116 259
207 411
212 298
221 387
373 375
150 274
295 359
99 134
115 170
24 435
28 304
214 410
241 247
175 259
96 216
21 171
156 190
192 359
164 326
107 321
78 239
81 146
153 411
80 466
106 282
1 461
255 475
40 57
311 413
6 67
283 315
58 444
353 428
12 85
112 286
41 371
344 369
115 325
54 233
46 110
149 427
202 418
73 229
113 370
172 306
81 305
43 368
147 262
21 200
295 322
53 411
71 351
100 499
93 407
209 469
172 358
3 316
40 404
283 418
180 222
16 483
294 346
133 138
125 441
97 454
324 456
221 392
457 472
106 178
281 287
191 347
158 436
48 303
22 68
44 291
407 490
302 381
327 450
47 216
118 203
88 235
110 129
119 256
393 470
89 274
80 359
337 440
132 188
12 393
206 400
3 147
81 354
40 417
110 371
371 390
267 371
115 465
168 437
323 444
15 426
382 437
401 487
145 307
47 175
77 82
6 13
116 417
77 463
236 294
29 433
465 484
413 461
196 273
93 264
150 227
118 220
99 394
97 410
118 291
281 449
188 334
269 438
4 450
17 201
116 479
128 448
485 497
47 98
154 380
235 360
360 467
78 416
307 312
80 380
38 93
201 341
75 92
192 381
85 495
119 283
124 373
370 439
100 113
66 152
38 121
145 239
124 404
26 391
264 267
64 127
14 389
4 76
131 295
10 205
76 364
172 191
65 257
222 228
158 218
177 202
106 224
282 460
65 72
368 449
137 245
26 27
214 295
41 276
222 446
416 489
87 189
95 134
236 241
6 168
46 374
14 75
223 391
199 313
106 483
191 209
44 420
71 417
94 259
331 395
245 285
101 472
364 492
268 455
393 401
108 281
239 353
152 443
157 340
87 447
127 266
418 493
3 416
95 361
56 352
83 192
201 270
54 247
328 498
16 305
55 229
217 452
153 373
21 136
41 311
75 164
157 332
271 282
265 288
319 448
251 331
93 354
114 341
160 164
150 429
115 301
414 431
191 479
42 430
139 362
179 398
10 253
19 226
22 322
340 372
13 486
50 232
155 198
55 382
432 499
466 478
245 459
170 293
224 259
4 164
459 478
82 181
145 241
82 376
7 387
273 437
15 133
303 493
124 285
261 372
118 450
209 365
131 133
85 424
191 274
41 58
101 148
14 157
393 441
227 306
30 159
103 257
74 443
4 470
129 438
69 139
139 323
205 214
244 268
298 417
83 262
215 303
325 452
250 343
204 232
306 474
173 370
210 486
175 284
276 332
33 455
104 416
177 268
191 397
17 293
197 290
15 246
55 245
316 375
129 460
159 486
286 372
227 311
186 379
318 419
160 488
178 282
187 386
236 308
58 274
245 474
20 295
413 487
91 499
39 421
81 124
383 467
154 287
385 418
238 492
396 426
216 393
162 184
109 235
75 311
331 360
28 152
176 470
1 2
2 406
87 343
42 214
280 482
282 332
151 223
189 370
156 406
56 430
191 447
56 396
142 481
3 7
383 483
1 391
97 309
59 219
46 431
403 461
378 385
315 396
375 412
129 293
170 376
208 247
301 365
52 456
275 403
365 486
145 308
274 369
103 128
376 487
169 186
134 478
129 321
275 481
225 232
311 361
24 80
30 263
7 227
230 311
130 418
249 250
214 408
86 236
400 500
101 339
327 355
7 366
213 351
316 444
286 433
450 487
83 263
52 365
61 86
107 497
108 361
232 264
357 429
371 381
60 135
315 426
187 346
45 221
18 101
207 298
344 352
275 360
59 247
83 174
9 329
150 409
218 336
92 470
247 287
213 443
249 412
134 267
367 496
104 425
82 315
301 359
114 296
187 492
322 491
72 464
60 463
247 268
4 183
190 261
374 499
113 372
195 200
130 276
87 398
51 383
41 275
205 413
28 59
334 486
218 258
269 344
336 498
221 478
5 390
143 273
86 270
134 436
12 235
63 198
332 436
263 374
292 350
458 478
42 206
134 233
236 322
413 433
101 365
4 208
192 465
245 272
29 368
320 441
4 323
301 355
273 382
139 346
486 491
130 433
15 163
27 286
30 52
135 231
237 273
1 484
55 234
34 152
124 265
186 415
127 378
73 402
192 329
183 311
299 474
107 342
192 319
123 265
36 296
239 351
362 468
241 391
2 317
12 41
94 130
88 252
436 448
114 258
270 472
47 180
47 387
18 170
156 181
77 330
14 387
90 224
78 304
172 189
120 145
122 445
36 98
306 455
305 460
309 322
175 239
151 158
186 435
109 416
116 297
110 158
122 160
179 462
239 461
19 441
143 193
260 429
213 227
70 324
355 361
257 371
188 189
69 247
315 454
35 189
4 14
52 492
132 496
17 346
6 488
306 314
106 373
133 171
325 398
71 327
32 403
432 470
195 311
65 94
25 240
94 137
105 359
70 315
16 312
288 325
62 100
72 402
272 349
237 346
243 272
314 456
95 267
255 271
433 490
245 316
272 338
207 372
216 331
17 357
185 382
424 470
220 296
263 454
88 163
334 425
16 58
66 308
65 76
142 472
26 466
7 291
209 296
262 465
109 419
158 459
137 227
67 125
30 451
280 282
61 407
7 329
137 374
203 293
39 93
300 392
148 434
115 224
428 470
92 422
132 499
440 449
97 304
77 248
64 317
228 405
97 240
281 327
88 437
207 214
107 393
355 380
44 65
360 424
269 376
498 499
166 248
56 170
86 155
177 208
442 450
162 163
58 213
332 467
99 130
95 494
8 399
226 270
145 323
122 280
83 135
166 226
118 245
196 467
75 413
92 227
128 253
244 488
331 398
210 268
371 439
187 488
261 423
33 193
235 401
1 384
152 314
253 398
143 183
55 94
124 298
181 400
196 348
10 179
106 231
198 357
41 259
167 371
148 480
11 13
126 390
60 130
36 229
171 402
447 485
22 304
90 399
6 136
156 467
123 466
243 269
452 466
118 261
216 229
352 361
86 168
124 442
250 417
412 449
101 124
127 215
48 492
175 217
5 125
283 349
38 321
355 396
14 348
212 471
302 319
58 160
361 460
23 165
341 462
258 259
1 7
67 105
208 320
91 297
83 302
92 245
456 472
2 446
5 70
127 168
4 454
59 153
271 444
225 486
116 329
137 210
82 316
147 264
34 389
396 471
81 126
295 492
449 464
6 254
4 6
87 108
35 335
368 381
104 404
82 186
468 476
107 129
21 203
159 274
278 360
40 483
31 449
13 40
369 399
56 104
257 304
65 494
306 307
107 171
77 184
47 291
91 334
237 374
38 497
2 330
204 329
152 335
47 324
157 204
466 487
304 421
146 430
3 422
132 136
10 13
57 153
113 220
7 237
5 461
411 442
38 163
239 473
78 145
1 12
351 450
306 420
23 70
88 120
144 493
120 290
19 476
81 353
151 440
128 349
218 465
166 476
113 207
177 477
120 412
350 415
22 455
122 429
376 435
35 169
50 376
334 429
248 283
212 338
13 114
409 450
104 182
55 463
271 350
89 420
306 403
70 426
143 421
196 399
274 315
199 323
379 471
221 418
317 456
337 451
5 215
2 381
87 459
197 409
218 269
92 226
18 103
190 230
1 420
440 473
36 198
12 292
368 393
224 435
319 393
18 432
62 216
363 404
29 155
247 391
410 437
117 146
249 411
130 222
385 467
72 100
143 145
110 423
208 435
201 449
72 213
393 410
30 47
166 217
5 143
126 452
233 245
89 351
467 472
13 158
300 306
180 201
87 240
52 127
46 97
377 425
161 174
360 441
40 164
91 393
288 428
56 239
217 432
145 266
143 406
49 370
248 427
154 243
272 344
3 437
230 301
103 244
222 267
83 226
220 432
335 476
312 469
25 30
243 429
100 203
484 496
218 319
43 336
121 314
30 216
95 317
186 226
455 499
337 367
11 496
19 167
356 468
17 167
35 265
313 445
106 443
353 396
20 128
237 269
223 235
93 419
69 102
334 499
85 216
93 299
10 190
259 446
17 73
23 482
26 493
129 272
39 195
131 305
62 326
331 366
39 385
266 313
349 436
178 181
101 352
76 100
120 411
7 367
108 433
155 453
124 448
171 316
110 270
94 448
119 219
362 417
65 301
140 312
148 402
109 466
142 395
346 373
8 444
79 187
114 421
353 390
173 280
203 336
103 322
14 494
192 310
127 346
128 435
100 360
155 254
214 426
162 352
83 289
313 315
347 412
71 113
5 15
50 286
75 408
60 131
70 85
162 178
145 264
149 458
186 392
157 159
262 461
7 495
187 280
118 331
48 445
163 333
224 367
295 386
385 452
205 428
36 379
437 471
214 307
158 179
131 200
82 404
133 419
39 186
33 353
249 259
123 224
206 472
225 292
288 493
57 348
28 64
101 397
341 369
73 121
152 189
251 286
11 154
196 288
129 251
453 479
21 208
82 437
371 498
323 461
9 327
168 288
16 195
57 139
4 161
53 290
69 149
121 290
271 487
217 314
307 457
350 447
123 243
153 187
387 483
169 470
139 459
461 484
62 443
288 293
79 326
65 156
330 446
333 356
41 463
137 422
111 225
23 284
23 351
36 224
20 24
142 237
9 71
55 395
184 230
180 235
265 285
208 370
222 339
243 278
38 374
371 408
65 414
133 306
150 306
104 314
297 402
92 457
30 347
120 477
10 170
184 266
205 485
76 260
382 404
230 292
405 418
204 419
197 329
153 163
54 132
209 252
11 85
457 488
70 382
335 388
43 247
25 162
187 219
133 280
45 252
101 406
181 208
31 160
25 330
239 268
157 267
52 194
116 159
190 264
220 241
263 359
81 297
29 481
115 177
26 470
207 484
154 441
216 231
333 358
290 321
11 315
325 480
237 414
192 311
398 437
249 418
125 221
10 130
274 453
58 337
207 401
160 190
48 193
12 458
71 336
31 484
155 219
42 500
289 386
180 461
68 331
374 423
298 318
29 113
255 478
24 113
82 362
97 421
285 420
72 234
64 210
299 407
153 479
317 352
210 372
47 103
22 422
94 288
260 462
275 406
162 185
36 61
187 267
67 382
203 381
11 500
259 500
24 155
98 227
14 148
32 55
111 341
185 410
35 93
30 158
37 41
68 422
298 337
370 382
9 15
41 79
160 186
31 376
91 460
26 125
157 212
97 372
122 216
325 362
127 280
346 358
36 398
254 337
17 86
276 443
225 400
37 112
276 391
346 483
44 443
251 344
75 366
249 330
343 445
129 223
28 268
46 493
109 287
204 386
276 326
80 184
147 379
92 263
101 325
22 282
148 314
86 416
271 304
110 273
96 457
54 277
313 334
214 377
253 264
439 466
29 409
173 250
210 258
87 351
135 295
227 329
199 405
164 364
55 327
165 219
131 209
32 421
295 332
139 332
121 489
3 118
254 382
19 319
60 217
24 197
148 276
439 465
184 283
161 457
177 290
100 382
204 444
99 358
51 185
16 296
268 438
88 442
413 486
110 207
294 485
153 351
257 498
74 292
246 359
325 346
336 418
357 452
243 244
96 456
285 345
207 284
122 358
14 414
198 213
233 437
63 90
59 317
34 212
14 396
251 256
79 321
453 488
348 446
317 403
44 175
37 231
84 428
353 430
238 402
75 233
182 271
269 351
15 148
127 351
81 251
89 319
182 482
2 177
127 130
195 420
120 429
288 461
87 302
123 477
287 498
138 365
16 463
331 470
167 269
288 393
72 366
338 393
42 140
340 392
26 410
166 256
125 353
166 401
248 439
8 454
69 426
124 223
62 373
182 407
148 467
113 153
75 151
18 430
247 417
371 373
88 390
62 449
74 328
226 408
305 353
45 300
17 253
70 143
47 181
409 425
11 132
20 297
17 66
249 308
161 267
262 398
1 312
361 382
380 484
350 485
334 361
79 135
253 478
63 145
40 63
342 435
72 299
71 287
189 489
343 456
33 391
342 473
402 480
252 261
95 466
310 391
33 435
109 260
65 296
168 413
41 423
329 391
108 307
95 483
72 237
72 336
228 411
118 358
81 178
411 472
192 344
287 311
243 277
387 408
200 379
308 451
146 319
347 394
6 253
60 121
20 494
120 475
173 345
191 358
54 167
270 495
174 245
132 358
42 134
231 427
109 163
429 442
63 462
227 303
376 498
207 237
138 363
110 439
148 196
29 265
103 367
211 313
179 332
204 452
15 113
127 225
407 415
171 302
128 137
375 471
200 234
1 201
103 336
51 223
290 492
297 374
57 453
415 432
230 303
26 84
19 425
242 436
84 204
99 220
315 456
216 225
28 39
424 475
297 468
301 437
333 359
16 30
194 460
151 480
294 464
165 184
272 461
183 246
81 123
160 213
223 349
3 392
254 390
40 488
146 323
324 489
390 436
181 341
192 470
135 418
175 423
98 116
37 449
432 435
230 317
218 384
190 312
95 228
258 432
255 300
186 280
284 323
63 461
5 327
119 245
142 453
412 456
76 486
162 358
4 372
423 427
60 222
222 409
226 344
215 437
77 375
84 429
404 406
38 73
362 370
81 209
12 13
322 455
57 335
261 274
321 412
78 476
65 402
332 370
6 62
2 450
144 159
68 193
253 333
206 350
110 146
378 489
338 474
178 402
162 498
238 365
133 146
117 202
43 240
10 497
334 482
13 387
107 297
44 260
400 469
224 461
59 135
18 164
403 448
269 353
178 260
23 201
83 293
12 15
340 492
247 465
57 483
9 115
23 130
183 290
34 59
198 291
72 338
87 467
8 10
76 499
64 326
22 462
435 458
125 130
141 475
120 243
122 357
105 119
90 298
202 474
14 250
201 320
380 445
110 262
111 361
268 286
60 414
42 293
204 358
104 312
347 499
443 493
389 456
419 428
2 376
189 486
397 430
125 418
138 260
7 9
302 444
282 337
9 33
221 445
115 390
377 450
332 433
149 391
32 215
34 334
42 434
98 252
158 169
149 380
51 101
82 468
6 9
167 405
13 366
14 283
77 416
1 139
117 136
152 447
150 381
88 184
44 60
72 275
182 445
385 427
196 275
94 488
25 493
78 88
186 449
191 288
2 344
141 461
67 443
54 391
240 437
317 336
188 453
198 480
43 215
285 469
340 433
155 437
133 455
196 287
347 413
276 319
118 167
178 408
109 444
251 475
50 387
139 489
100 333
263 385
168 352
69 104
209 453
160 229
411 481
5 204
248 333
219 245
85 351
36 409
60 472
225 432
78 412
280 438
119 490
294 370
60 375
378 450
38 239
288 485
80 452
284 378
210 487
306 406
73 442
239 278
140 262
180 186
208 447
188 343
50 73
75 187
154 197
337 459
443 494
422 497
26 378
31 174
143 358
353 441
35 95
23 330
55 194
297 438
227 472
140 372
157 188
256 263
121 226
328 397
96 407
173 338
168 359
29 46
290 295
244 483
108 125
321 410
67 318
251 419
154 425
115 259
62 177
132 157
106 362
93 212
42 151
96 108
198 442
288 459
146 426
2 210
91 382
179 283
345 375
293 463
108 265
99 422
5 12
210 237
146 166
91 335
229 263
98 437
32 413
24 441
143 155
45 93
230 437
4 294
217 227
139 257
300 470
71 265
120 234
166 439
71 204
20 215
263 369
90 260
53 427
217 356
314 346
5 11
31 243
174 281
127 135
53 142
87 380
200 238
53 469
254 497
28 223
163 316
100 155
233 320
419 477
360 429
47 254
293 478
3 451
1 496
260 334
64 203
153 476
155 452
356 457
210 276
58 321
76 124
251 285
42 299
29 471
66 236
236 361
19 392
43 226
28 70
123 421
266 400
62 458
273 287
31 479
306 348
407 436
70 304
260 460
273 412
144 265
39 436
31 280
29 271
124 195
103 191
36 60
28 78
162 357
169 304
312 468
70 403
108 369
161 342
131 161
287 300
221 337
134 356
173 186
117 459
174 192
206 326
151 355
290 334
254 272
392 421
208 448
167 294
119 121
171 488
265 426
145 187
171 423
111 122
83 111
188 384
162 343
113 118
3 268
313 411
149 417
174 272
142 313
183 285
188 192
146 392
388 436
276 396
47 267
338 459
205 446
135 484
165 240
26 74
5 140
18 80
174 303
62 336
115 272
76 460
9 214
127 349
108 346
149 454
44 84
53 316
93 281
309 355
114 320
132 288
336 420
319 397
162 353
348 403
27 453
255 423
13 105
110 412
130 369
81 319
1 15
326 332
49 230
355 394
290 491
157 305
376 474
58 171
71 346
38 487
74 306
193 383
53 243
343 407
74 400
37 282
19 239
64 197
152 368
149 245
252 450
75 488
11 175
322 327
301 474
258 308
187 497
40 484
170 344
231 287
14 484
3 52
107 163
165 408
64 289
207 283
40 72
105 311
118 481
101 164
17 153
245 492
206 222
180 285
84 143
290 322
170 171
24 278
64 355
279 318
8 477
309 313
6 407
122 205
109 311
192 493
179 450
229 354
162 204
399 450
4 206
105 130
340 406
219 458
103 491
68 406
288 397
160 349
80 352
209 268
60 285
133 370
272 375
173 253
224 353
17 121
107 137
242 406
369 469
188 463
150 434
44 284
6 100
296 371
169 413
420 478
225 301
76 141
169 176
83 393
361 413
80 378
138 293
6 182
257 312
88 249
96 275
119 481
5 392
193 405
174 333
283 362
40 456
129 482
51 279
107 330
223 373
94 375
85 252
5 305
156 460
89 355
290 432
253 328
300 496
86 382
145 267
8 228
419 499
54 460
73 320
34 240
108 232
96 224
388 392
157 304
27 106
118 301
177 484
88 429
142 321
114 158
256 311
321 411
18 37
80 317
64 454
275 362
348 384
108 450
176 466
35 203
50 186
89 214
372 426
134 481
288 379
140 272
276 297
120 497
198 362
222 286
86 101
361 490
11 193
215 416
336 346
423 435
279 334
28 150
96 316
243 349
151 339
282 492
135 219
98 218
170 389
26 463
213 369
41 451
159 257
132 408
223 412
190 374
136 301
423 484
8 89
199 264
4 10
338 404
287 487
297 351
161 368
38 78
340 375
99 270
108 152
201 466
211 433
190 468
268 313
73 124
180 330
255 372
398 468
390 445
72 226
322 482
288 373
142 188
108 166
178 202
236 377
41 56
497 499
71 146
277 408
303 316
142 495
229 363
19 221
209 342
216 426
95 336
142 364
296 499
16 339
249 435
151 493
11 199
114 173
318 386
44 329
378 393
14 331
338 357
171 189
158 248
221 274
271 362
401 496
81 227
72 308
148 209
155 234
29 254
220 352
315 384
112 285
172 199
78 168
185 298
29 83
4 195
4 479
106 465
154 278
158 326
206 229
59 454
44 198
243 265
10 14
74 472
12 352
247 346
303 445
163 489
441 462
117 341
158 256
316 318
128 195
179 347
3 4
1 33
15 230
9 410
458 479
191 227
224 376
148 294
104 137
3 11
109 142
350 443
254 303
155 460
381 460
218 307
75 186
96 361
354 479
237 256
235 297
211 496
156 167
203 389
350 425
41 469
319 472
284 295
159 352
136 146
66 395
22 193
307 462
107 413
332 379
3 361
72 307
143 417
171 323
192 295
91 364
306 335
12 244
44 417
197 417
193 289
173 230
110 211
175 232
63 384
20 331
131 177
155 464
409 498
121 430
164 443
22 161
125 423
133 365
280 441
257 420
79 156
28 250
90 477
58 474
232 377
106 410
65 162
140 145
132 405
157 477
1 6
141 228
131 334
342 494
80 396
224 395
81 240
205 360
95 129
14 230
307 490
151 265
210 330
107 317
265 390
73 131
15 372
267 283
162 387
305 466
5 6
148 368
14 322
59 236
13 207
135 465
242 312
253 492
223 322
340 488
125 457
132 384
16 325
43 135
202 494
302 372
322 423
82 247
262 469
135 359
7 19
153 248
17 486
185 415
175 333
147 484
68 188
377 426
80 443
229 290
130 273
137 384
236 423
232 451
353 477
348 434
206 447
177 339
312 364
82 133
382 390
73 132
90 197
146 416
79 168
45 484
32 43
351 488
137 452
222 283
154 486
224 275
236 437
77 473
8 315
49 145
111 179
16 173
7 14
163 368
93 443
85 324
163 165
308 391
284 350
177 301
7 99
161 356
263 485
234 427
227 273
15 292
134 377
236 450
55 339
303 394
116 446
5 127
134 475
54 493
14 215
116 119
195 247
172 192
116 210
432 460
251 359
229 240
410 419
367 409
217 380
10 25
295 334
214 277
222 313
300 441
94 306
123 359
172 215
62 288
120 335
209 402
63 332
196 440
351 426
388 429
195 284
207 428
149 277
189 339
358 421
193 253
83 294
281 298
322 386
45 69
38 421
45 121
13 139
52 214
202 292
262 342
124 228
281 383
310 491
132 227
278 335
156 186
99 277
309 466
432 438
190 223
27 420
227 282
229 446
55 374
310 343
234 253
18 364
73 353
246 463
36 488
260 281
11 378
153 402
85 484
28 240
374 403
51 151
36 146
77 257
330 371
325 336
236 376
10 408
158 468
383 498
83 132
214 319
56 364
4 222
229 265
75 211
448 451
289 369
33 317
11 474
380 414
33 80
61 270
251 408
30 213
154 198
194 427
159 359
102 127
323 345
43 291
188 306
224 359
233 327
132 373
102 251
84 338
70 224
332 387
11 227
437 465
253 348
80 100
450 463
326 406
2 275
323 447
58 448
329 396
16 101
189 347
42 397
67 73
97 406
8 433
27 144
349 358
318 403
302 500
314 392
314 447
30 72
20 198
259 438
8 468
90 286
96 146
69 359
206 460
119 269
4 15
73 241
88 126
64 384
175 398
24 291
67 442
226 399
261 396
260 464
261 293
192 222
84 123
167 430
5 315
64 270
2 93
228 257
336 351
425 447
4 344
363 435
3 187
10 235
111 120
428 435
221 403
203 209
47 238
25 347
38 57
179 395
319 324
74 214
301 415
126 160
210 322
66 347
5 295
56 151
214 422
58 403
68 327
79 335
424 444
48 283
260 278
108 222
76 101
195 243
3 15
163 277
5 500
161 270
266 479
6 336
337 490
382 452
285 305
165 413
50 233
1 4
253 452
103 115
234 441
295 398
100 183
93 269
165 244
219 448
127 436
172 193
6 44
405 461
276 490
221 494
19 133
137 474
82 119
325 377
199 337
263 420
144 181
64 214
138 216
290 362
146 348
102 123
302 352
129 391
117 271
149 244
148 231
221 386
272 432
321 389
84 196
187 211
283 394
99 361
305 448
114 378
194 353
414 441
335 494
289 484
412 424
164 434
128 411
99 411
117 141
32 198
354 451
59 439
113 332
254 408
273 332
180 342
131 158
197 337
79 441
257 302
102 175
245 344
347 350
338 456
326 452
176 315
205 377
161 287
93 464
39 386
451 471
268 488
329 451
270 414
78 133
21 174
141 279
262 278
239 368
116 129
47 457
73 191
166 211
237 289
166 306
191 271
43 151
67 92
68 224
123 394
42 475
68 123
39 89
52 337
165 361
188 491
27 183
105 306
81 150
279 390
67 133
411 439
345 476
261 392
119 438
88 423
216 226
107 286
25 350
258 396
76 194
146 272
110 281
268 359
494 500
264 272
257 433
354 444
154 289
260 391
270 416
127 427
257 475
96 166
169 246
177 342
57 78
349 380
85 323
80 196
2 12
53 89
135 327
134 325
33 70
62 442
69 361
213 215
142 238
298 429
62 367
262 269
262 495
150 439
55 157
232 424
233 380
127 405
355 365
221 277
235 279
396 422
151 362
114 428
210 387
62 305
24 83
262 415
66 367
59 205
270 443
269 311
292 462
196 393
233 484
337 425
98 285
351 482
258 314
113 244
55 300
190 379
190 199
448 462
4 444
215 242
79 278
153 416
172 331
203 295
51 418
277 393
396 402
345 464
13 136
142 326
323 439
492 499
221 373
161 460
108 465
284 448
53 352
12 313
45 360
271 364
257 333
390 438
388 432
127 196
180 262
362 387
164 379
247 250
241 307
30 428
181 207
68 149
355 416
319 478
60 210
423 499
166 206
317 447
234 259
18 244
49 191
10 275
150 367
356 376
211 432
302 383
103 431
282 443
154 266
133 425
37 408
221 415
304 464
57 400
88 188
69 480
165 402
204 377
95 437
184 249
340 389
216 332
9 314
81 272
133 334
59 187
158 431
109 456
180 449
2 3
312 426
301 421
72 116
199 331
83 425
95 159
319 475
54 311
165 345
62 64
363 475
281 453
245 266
164 273
73 199
23 483
235 320
198 210
35 51
75 159
205 357
353 474
154 233
128 402
5 9
239 315
189 239
1 412
48 389
49 362
96 192
24 277
256 410
303 474
31 470
318 366
53 356
45 483
53 173
83 222
37 207
55 119
351 454
39 157
26 243
153 266
366 468
57 62
97 267
157 367
185 300
304 473
381 493
92 358
176 339
316 484
70 135
263 468
273 449
204 469
84 462
172 453
266 339
230 279
212 272
320 359
287 320
408 440
126 387
111 234
42 139
101 362
99 444
25 149
158 267
91 255
52 444
256 450
385 494
139 238
144 204
237 404
281 317
95 166
340 371
335 447
31 267
4 87
260 408
249 361
152 160
320 321
292 392
22 306
267 347
21 222
164 421
462 499
240 451
1 3
84 233
14 15
236 383
13 98
194 415
52 398
78 94
407 439
162 256
75 450
251 466
368 402
234 241
116 294
158 342
212 341
16 345
34 452
36 216
123 325
223 285
139 222
14 40
173 432
143 455
65 287
12 73
216 228
252 374
6 348
83 363
47 262
120 450
189 399
189 194
166 311
8 370
182 465
125 200
276 393
30 97
368 384
2 314
100 150
341 444
4 320
124 436
36 354
378 447
194 343
280 345
119 252
448 495
114 279
118 272
434 464
292 328
153 478
107 370
371 480
81 207
97 402
343 376
163 389
65 381
349 432
232 402
307 366
60 299
216 352
177 246
120 362
201 371
100 358
164 258
280 405
111 495
52 70
95 499
159 381
88 483
358 367
379 392
161 309
182 393
101 293
288 380
9 452
34 210
256 486
297 457
109 458
161 261
11 332
23 421
50 187
313 317
39 70
213 319
294 404
203 308
354 391
171 351
110 305
222 411
152 462
96 140
136 295
133 346
170 258
176 185
116 452
29 377
196 447
39 78
127 387
71 363
459 475
105 110
311 390
332 493
67 400
344 413
5 84
86 437
26 280
218 314
161 220
68 411
47 208
374 442
326 351
37 130
81 484
243 251
392 492
3 5
185 262
51 119
214 265
81 381
42 381
419 455
59 426
354 458
55 476
86 419
96 415
20 166
3 496
107 242
60 129
140 248
53 396
147 194
56 293
42 454
84 97
260 449
36 428
331 435
9 175
405 441
109 214
137 155
59 76
178 316
385 474
158 346
78 247
20 21
258 427
181 360
94 393
231 406
218 334
160 490
39 254
31 374
114 117
5 274
194 462
22 236
203 458
123 496
204 485
112 210
114 395
358 412
36 476
67 351
74 327
35 106
98 262
134 389
356 488
356 437
14 258
430 463
156 365
27 495
35 216
171 437
225 435
47 214
101 418
118 145
63 319
128 333
14 62
322 448
8 490
171 425
9 74
81 412
174 349
457 477
245 339
374 461
98 466
61 477
251 376
394 431
78 183
251 445
321 377
367 471
218 346
114 337
51 188
237 489
157 402
204 336
113 436
224 419
183 438
313 327
92 492
129 401
190 276
57 203
228 357
2 261
36 440
14 349
165 310
307 415
77 289
299 376
81 203
34 430
89 158
311 468
172 371
273 339
14 25
191 497
94 122
61 459
138 498
262 456
190 361
21 27
468 474
284 411
329 362
47 397
273 453
29 306
61 216
92 315
2 109
396 405
175 185
41 456
220 362
196 493
52 224
176 463
224 390
267 325
20 434
330 407
130 194
424 497
291 400
4 8
132 191
79 150
390 393
275 277
41 179
84 130
295 311
236 325
217 475
202 272
68 467
58 480
124 293
38 44
114 496
215 408
75 84
182 199
303 332
76 200
112 226
93 183
468 471
26 111
315 399
132 356
76 84
250 380
166 453
203 349
15 26
252 463
171 205
56 135
5 324
199 400
13 289
148 431
26 229
102 497
380 393
70 80
42 432
123 221
356 482
228 490
366 469
389 457
295 326
113 292
234 329
193 450
159 434
226 267
119 148
203 219
231 335
119 251
19 166
14 26
121 304
41 147
228 444
197 428
283 332
171 294
1 202
147 457
272 393
37 457
374 485
179 414
10 410
164 373
55 184
213 254
206 414
228 453
55 97
167 205
36 40
119 421
179 324
58 99
185 403
26 120
42 172
38 47
223 370
307 313
64 445
50 296
45 240
124 194
30 367
14 166
145 399
332 429
181 474
130 176
104 232
129 196
32 437
131 398
213 275
118 313
272 437
209 243
1 373
334 458
120 239
133 443
92 210
295 397
5 254
136 336
214 237
125 278
28 482
321 451
202 265
112 237
276 471
33 258
213 493
12 90
2 347
36 89
139 322
22 272
93 131
12 460
3 244
245 254
126 189
262 392
191 493
125 129
299 379
229 239
126 262
6 370
345 388
99 302
365 396
146 245
337 494
52 381
48 239
24 28
288 500
332 500
115 420
50 446
306 322
49 192
245 246
88 380
147 372
8 425
54 119
50 464
133 174
111 343
261 403
389 408
309 453
61 78
97 404
24 40
325 390
377 452
40 449
215 491
60 321
95 476
112 282
30 373
73 490
379 407
235 265
226 443
92 145
361 433
62 240
3 242
84 265
339 453
358 429
114 431
326 355
99 349
7 260
130 414
5 432
97 468
138 367
13 14
356 394
82 378
137 244
155 404
106 120
90 451
83 498
90 361
38 257
83 351
156 396
290 438
2 286
181 364
195 333
87 274
310 379
256 267
259 291
63 359
336 353
144 290
42 462
55 255
120 136
106 453
4 390
265 400
20 365
225 385
408 421
283 323
59 369
283 395
238 478
88 330
156 235
3 179
99 293
83 276
54 392
306 493
162 447
131 460
164 337
452 497
127 388
160 448
17 348
363 490
164 383
135 220
89 256
18 121
345 346
61 94
115 287
113 156
43 116
162 215
34 159
28 184
67 303
315 451
109 470
194 225
100 473
42 360
112 348
433 435
261 359
84 392
57 84
124 233
27 178
316 430
175 257
48 101
45 195
277 280
140 212
242 282
314 497
134 498
288 413
96 349
79 208
243 474
93 150
78 139
3 20
177 473
4 5
371 491
72 343
316 423
90 389
225 289
40 470
56 85
399 452
317 404
225 329
14 118
85 471
85 330
324 387
166 412
134 400
353 461
328 404
290 326
207 466
39 184
85 214
333 339
218 449
74 349
231 405
264 406
285 289
122 417
227 447
11 373
399 442
335 409
17 151
383 499
375 411
112 118
267 425
133 168
143 478
267 381
103 462
160 456
80 113
306 437
112 418
77 362
240 300
83 266
405 422
80 236
403 424
265 454
386 418
49 101
99 487
19 363
210 216
174 287
180 442
80 188
203 463
47 158
54 57
333 363
148 453
12 152
113 202
84 131
43 74
156 440
206 372
183 491
217 357
187 343
162 301
124 320
188 476
27 67
57 382
129 234
57 359
222 272
11 245
112 458
304 472
167 484
108 165
410 482
198 484
291 471
176 359
32 195
33 361
76 490
88 345
192 304
70 481
108 482
134 386
260 274
188 331
26 436
47 116
306 438
53 148
320 440
198 425
226 274
80 322
215 305
87 140
76 139
207 259
177 499
369 463
150 353
92 441
27 459
178 234
52 84
380 421
278 496
125 442
88 260
111 261
132 142
291 301
363 500
280 310
27 401
47 358
144 237
308 325
12 332
44 287
317 465
232 287
100 374
234 421
179 496
45 383
243 462
255 426
165 493
346 413
247 477
41 202
416 463
140 451
64 352
154 460
168 229
108 488
177 219
337 341
320 422
43 438
66 140
2 174
28 137
41 426
141 409
42 474
52 334
62 129
270 468
130 454
20 395
11 308
457 479
153 168
402 495
18 222
238 421
283 485
8 436
22 241
217 370
304 495
248 343
152 235
75 252
356 422
98 279
309 468
96 262
66 423
28 456
65 226
32 114
54 184
372 414
281 387
293 480
238 399
120 152
50 343
258 353
133 135
142 207
166 241
187 188
202 238
235 496
132 486
71 371
198 405
34 45
161 353
135 213
387 412
172 282
73 488
146 306
390 399
207 346
13 365
72 403
79 405
348 464
112 415
32 86
289 348
125 288
75 79
72 142
69 401
204 494
222 265
117 390
234 307
1 430
42 444
75 167
336 429
233 499
36 45
2 353
67 249
78 180
48 485
110 229
151 274
120 134
299 387
268 439
473 487
130 465
59 109
305 339
423 449
247 387
117 266
289 420
161 186
102 340
383 410
278 358
147 232
20 43
220 398
445 458
81 82
436 438
113 258
107 239
62 133
125 455
24 443
176 306
346 463
106 451
174 428
61 303
195 446
310 424
115 460
89 427
152 291
295 432
90 342
225 305
279 404
233 375
136 455
10 26
39 155
138 295
190 311
122 326
209 300
37 235
312 474
54 303
127 480
116 207
372 394
234 341
69 440
95 241
162 403
191 471
43 233
190 340
24 272
179 493
296 328
36 221
148 427
275 495
199 436
41 329
8 200
223 498
149 207
81 480
7 153
38 305
45 184
301 418
130 260
206 422
244 352
225 272
377 440
157 275
230 354
195 291
151 468
204 271
158 414
107 300
48 455
53 496
133 179
111 137
312 444
70 97
356 496
111 151
113 256
236 318
376 409
152 283
70 477
15 252
120 128
465 487
264 297
125 169
236 473
6 164
22 252
245 461
118 286
228 368
142 162
294 385
176 321
198 371
234 308
242 351
269 430
170 387
351 476
81 471
21 120
34 41
44 71
137 428
140 472
303 388
255 327
207 296
208 476
260 481
236 429
139 396
43 315
295 379
259 495
332 364
311 469
151 250
15 251
409 451
319 329
342 369
85 442
330 430
65 248
234 473
190 317
290 303
247 469
7 303
393 417
276 296
242 383
50 139
58 299
32 291
125 315
48 110
229 472
48 298
175 404
89 400
73 149
61 212
225 425
298 393
61 171
165 241
61 325
59 272
224 477
5 312
176 424
155 458
173 418
174 317
12 287
101 484
208 306
327 476
381 471
138 401
154 235
78 492
25 203
231 481
2 11
171 430
180 360
179 407
333 490
119 317
56 90
29 395
167 349
117 371
60 328
115 304
359 500
29 490
34 148
25 310
143 356
20 218
100 367
220 385
370 444
71 375
3 256
242 276
11 197
124 369
352 483
128 373
62 312
29 215
28 191
476 485
117 450
164 308
165 482
406 465
22 442
225 429
116 135
18 59
162 311
180 452
339 411
269 280
55 188
20 59
30 473
49 314
420 433
40 79
3 273
80 106
373 381
108 363
90 111
201 428
26 275
6 12
221 370
17 323
94 485
175 385
216 220
365 423
187 193
231 244
81 204
328 423
104 351
18 346
270 436
113 476
16 115
134 421
91 171
203 207
265 301
112 116
90 202
59 348
46 78
143 202
282 404
74 116
226 275
185 347
171 264
73 266
7 240
37 215
144 179
115 303
228 275
182 325
34 486
93 272
11 492
123 412
41 152
91 106
63 88
146 361
20 174
205 239
76 494
15 209
15 76
189 329
28 459
304 370
177 389
8 306
399 440
43 389
159 321
2 491
8 15
347 455
60 124
247 463
52 376
88 327
76 346
154 366
13 372
56 121
133 274
317 469
154 444
392 475
228 230
123 236
298 387
52 379
232 250
88 90
64 448
159 403
274 421
97 298
114 170
210 277
55 376
27 298
178 223
27 285
381 491
73 393
177 456
220 500
106 439
372 377
286 483
39 204
162 368
83 349
313 433
6 22
450 498
97 139
16 68
10 307
314 379
145 333
228 492
274 486
352 353
68 215
252 485
51 91
51 337
43 49
160 187
196 476
266 393
1 302
385 386
170 207
26 318
178 236
227 437
215 435
338 410
33 82
44 304
104 271
36 435
155 353
145 470
104 389
154 178
66 488
372 476
303 336
3 91
51 395
86 220
6 217
173 459
343 413
210 299
26 374
56 397
121 497
188 294
284 332
2 6
166 208
429 441
425 479
19 370
76 178
250 294
133 287
319 494
168 406
16 454
154 311
147 224
55 237
223 244
281 304
337 499
18 271
119 267
203 472
360 473
404 487
11 95
13 260
383 480
15 404
256 473
225 278
413 474
292 362
236 381
1 226
86 441
365 433
169 480
91 117
277 312
433 488
346 369
95 448
110 477
334 367
20 300
346 439
105 388
293 301
194 367
117 186
94 310
253 449
112 414
316 405
161 446
193 208
146 484
223 290
106 382
122 173
58 178
72 478
115 471
269 385
257 372
249 425
400 454
103 171
156 323
377 385
206 397
126 446
65 408
65 293
223 234
17 261
51 126
129 404
92 113
162 487
258 283
233 283
20 101
233 262
118 169
81 382
14 392
171 258
96 171
92 166
160 438
136 314
412 436
43 100
251 435
268 493
279 283
175 285
419 492
79 412
5 409
319 468
61 234
148 426
293 470
313 381
79 329
128 368
267 380
237 467
50 285
112 320
336 365
210 350
68 75
268 446
340 489
182 286
138 492
92 183
162 339
222 302
17 173
316 408
105 294
16 65
90 420
128 229
94 225
227 240
155 485
462 483
163 188
127 173
39 228
287 444
186 253
314 373
330 480
276 436
198 458
16 478
38 428
116 468
210 298
16 147
32 177
210 461
3 247
96 346
24 464
185 224
352 478
91 476
257 430
216 298
125 305
368 456
113 347
58 60
164 338
217 252
137 451
401 440
156 395
57 232
30 69
25 437
176 460
347 460
28 390
355 423
33 183
86 262
219 413
118 278
23 228
421 484
238 339
148 150
124 429
31 496
6 8
400 475
391 470
418 486
339 423
240 360
85 373
161 381
58 437
205 210
268 397
235 384
303 359
266 465
28 33
86 486
168 362
57 194
66 212
71 420
129 467
440 486
249 444
293 348
152 494
154 424
149 384
199 217
86 405
112 477
321 456
234 359
73 164
165 466
2 204
288 439
144 407
233 270
135 328
2 232
424 468
94 339
214 424
357 390
13 58
341 359
219 367
171 336
87 388
12 62
54 266
31 319
35 306
53 353
420 497
76 450
58 104
72 429
157 321
255 383
326 494
421 464
187 266
14 391
196 229
155 389
47 271
117 185
51 88
412 483
145 296
87 192
260 276
112 251
93 135
416 451
78 282
57 291
172 255
129 484
52 490
209 428
393 473
152 344
113 149
158 462
85 264
178 313
229 288
17 23
1 56
247 295
75 171
242 432
117 208
213 374
122 234
294 484
168 487
195 348
14 425
187 318
302 318
271 490
49 185
380 422
144 433
69 259
60 170
16 402
126 275
74 105
1 83
136 387
52 227
141 277
190 332
109 404
162 446
161 403
264 443
344 432
180 378
126 180
320 381
236 415
139 340
12 480
288 422
235 240
94 500
127 131
192 334
121 282
14 267
104 456
41 403
203 434
419 478
7 437
82 117
281 336
111 457
330 435
392 496
117 456
317 463
129 326
10 389
119 169
197 202
39 67
47 212
324 349
153 483
121 432
99 259
177 459
94 180
26 351
377 449
31 428
182 494
163 363
214 407
84 419
17 169
428 477
40 248
216 467
22 305
112 296
84 207
40 113
43 131
15 270
86 197
44 411
247 461
178 494
74 77
58 162
32 240
184 449
208 486
352 432
36 306
12 357
289 499
303 428
161 341
218 226
192 449
229 431
136 326
125 462
361 474
63 452
4 399
39 144
54 270
456 479
198 248
115 151
18 233
342 367
155 424
452 463
105 118
40 240
260 472
23 447
156 469
114 399
49 249
288 305
187 483
190 303
10 447
255 355
170 290
276 320
170 190
21 161
140 373
214 230
95 281
443 448
37 227
224 344
74 420
16 63
235 416
190 459
329 371
93 275
86 357
330 364
242 401
11 101
310 494
448 463
25 369
270 425
282 365
212 426
62 499
28 103
175 400
46 193
192 275
124 413
122 294
274 394
156 491
136 260
108 365
214 340
92 222
279 465
40 130
211 465
61 317
134 485
436 468
136 368
309 437
137 291
17 31
381 475
131 375
283 313
101 463
161 352
316 339
84 201
6 338
14 86
435 495
33 328
274 384
15 118
136 399
279 403
6 178
51 129
394 496
258 309
147 420
237 291
450 491
13 481
46 51
359 481
175 230
2 234
93 211
86 284
111 138
122 315
69 303
201 444
8 9
262 401
219 343
206 258
206 287
142 492
202 276
325 442
335 368
93 230
153 337
260 485
170 391
204 366
24 41
202 218
199 300
220 369
57 136
167 309
27 181
38 403
297 301
62 170
342 391
237 442
98 292
269 493
12 498
304 330
417 481
253 349
118 221
21 237
250 353
102 293
32 109
76 228
158 362
143 270
16 73
258 469
19 384
138 489
34 98
161 297
109 184
279 461
109 369
252 405
115 225
417 466
245 445
24 449
438 462
11 145
436 437
15 74
340 393
77 106
111 277
137 488
147 261
249 451
38 404
337 353
52 269
325 386
242 405
326 358
63 311
115 180
1 371
22 142
131 136
351 401
335 422
267 419
320 500
232 393
122 222
2 333
139 410
88 471
365 370
152 342
118 140
198 259
143 373
200 388
302 468
120 174
54 312
99 448
258 445
181 444
388 499
192 291
275 338
256 431
262 446
251 468
130 259
22 250
123 331
32 479
121 122
356 360
342 350
302 303
372 445
179 256
44 264
330 353
68 347
386 443
193 309
316 500
159 307
280 425
77 148
192 499
18 434
3 9
23 381
127 345
299 483
23 87
240 490
247 271
356 486
23 162
43 104
214 312
100 146
201 420
238 461
139 318
33 99
159 302
6 166
78 431
249 317
102 383
193 438
120 240
30 178
61 455
60 366
214 406
395 481
230 335
2 9
384 439
30 190
39 115
298 384
98 179
10 99
326 423
385 430
205 281
173 449
107 415
236 272
140 412
185 428
67 485
58 346
159 209
30 341
165 477
239 307
193 269
64 425
94 208
36 302
22 199
91 395
13 402
108 469
190 228
80 242
82 412
67 289
128 404
229 282
214 251
217 219
84 356
50 399
398 439
87 308
89 240
104 184
96 122
71 374
396 411
433 479
274 350
58 85
189 214
28 415
49 243
363 459
218 272
3 330
106 263
324 332
21 195
46 328
337 493
203 338
304 442
141 488
75 414
226 361
361 411
27 395
53 213
256 460
259 295
52 114
295 356
61 214
96 237
192 435
195 338
11 453
55 485
166 357
393 418
283 312
80 415
128 420
117 395
199 263
48 124
229 333
300 410
83 337
40 74
359 494
316 344
193 413
51 394
120 274
87 181
90 439
54 204
180 343
64 165
86 253
47 239
174 407
50 213
438 489
85 405
363 367
67 145
412 497
13 335
125 250
254 270
404 464
27 45
102 287
104 136
69 319
142 282
40 198
95 331
4 9
5 303
19 29
240 483
356 474
304 339
145 279
121 431
391 433
39 103
415 462
82 319
4 385
173 359
39 464
419 450
57 107
15 378
242 373
49 61
58 353
40 264
102 426
81 430
173 376
12 86
17 179
230 258
91 280
410 444
168 384
204 404
2 469
40 351
161 366
254 487
121 232
282 298
381 450
37 143
232 384
241 330
111 472
38 352
391 422
246 488
7 289
119 384
168 274
261 302
9 233
198 416
415 424
59 417
250 402
348 475
358 427
96 357
23 251
73 409
92 341
71 87
161 167
155 176
296 326
261 429
178 238
26 368
103 298
245 263
181 423
219 344
141 352
161 363
343 483
79 462
198 417
126 294
223 268
196 281
89 288
222 370
93 400
286 379
115 419
214 404
177 461
12 284
116 247
396 463
145 177
30 45
406 423
343 440
47 447
53 350
81 137
144 353
36 168
203 327
297 336
98 455
50 279
28 47
363 408
81 465
121 435
324 423
303 473
64 102
183 453
172 223
271 354
200 309
360 416
34 239
1 253
171 496
396 479
234 333
151 349
123 185
243 460
321 427
27 283
332 430
299 346
407 449
282 287
154 293
159 243
55 330
208 377
26 409
28 318
280 350
305 440
41 356
169 482
121 305
93 389
122 204
52 274
281 403
31 73
248 474
337 361
368 370
62 482
108 377
7 431
207 342
155 222
230 435
259 344
72 161
352 482
19 291
84 394
331 439
66 353
84 323
325 395
304 319
322 387
186 448
79 271
207 317
67 135
88 426
139 441
343 358
31 388
239 444
54 200
385 414
443 480
37 238
481 491
48 421
19 114
370 396
43 144
129 366
18 53
66 193
14 177
44 423
243 395
80 176
2 8
5 29
3 127
24 35
176 215
224 354
287 367
54 193
379 446
125 180
305 347
240 287
77 261
342 439
78 420
177 422
73 467
36 207
11 421
46 162
20 458
247 498
14 126
139 274
262 414
111 335
52 470
18 313
15 283
125 390
92 379
36 285
169 343
452 490
103 145
29 251
365 404
253 313
10 58
119 352
6 59
180 344
197 371
279 313
187 265
316 489
158 209
42 178
132 392
402 414
205 216
266 451
36 236
301 337
175 409
158 406
96 280
71 200
104 473
110 190
11 15
342 475
151 180
289 300
448 486
167 433
32 343
78 136
29 238
31 408
181 406
38 58
148 482
51 137
92 136
6 11
84 487
209 472
385 403
415 435
173 277
258 448
305 393
345 355
364 380
183 338
8 12
18 295
296 334
33 370
272 290
69 142
33 409
178 390
135 245
168 223
450 458
278 399
125 491
150 266
196 381
191 374
262 493
105 384
127 246
72 123
31 426
452 459
77 373
131 388
137 295
477 482
132 333
229 337
71 281
26 64
249 494
41 268
232 325
221 352
89 436
54 209
142 183
192 464
4 459
2 20
119 202
239 352
86 157
53 472
226 390
10 33
85 87
27 314
20 244
239 350
99 205
42 202
329 363
260 437
194 398
49 489
17 63
41 231
133 499
233 387
51 428
85 411
153 455
260 499
158 299
254 292
112 278
148 469
292 386
51 268
215 259
23 220
119 189
468 500
136 156
138 299
30 54
179 203
179 344
327 464
124 395
88 296
405 494
16 177
61 130
166 431
319 438
155 372
11 121
31 294
379 487
135 495
108 367
79 497
187 311
55 262
250 445
213 217
229 490
55 125
196 324
16 146
266 301
111 129
18 282
32 396
186 457
29 43
110 380
374 381
294 372
276 283
117 161
108 199
100 340
239 319
111 256
352 411
290 445
66 350
18 436
103 428
11 29
58 216
301 446
224 333
95 377
456 481
332 485
40 331
16 108
80 209
49 380
285 416
350 475
270 325
295 479
279 355
27 50
156 306
126 476
290 394
333 441
126 304
264 450
120 458
70 189
84 426
264 332
127 188
208 453
324 433
203 276
19 224
17 310
7 392
178 493
142 455
16 352
42 492
77 150
117 422
24 460
187 452
285 442
276 484
136 323
360 374
80 177
281 485
19 462
182 447
35 428
168 292
22 238
282 353
274 425
68 421
123 240
126 213
5 470
214 345
94 390
241 392
120 432
294 480
7 445
361 386
16 62
258 484
416 430
8 160
65 416
200 363
60 397
165 369
221 260
13 200
130 157
176 194
12 238
107 185
373 466
38 486
153 343
373 499
1 151
413 475
146 431
96 144
193 475
83 97
87 425
321 333
199 500
89 97
155 335
72 276
339 498
10 260
236 301
147 172
166 351
212 278
97 247
43 99
224 406
66 106
66 240
8 476
123 133
131 261
169 275
172 209
230 413
173 258
294 361
228 246
46 482
327 470
140 395
93 108
149 259
225 413
282 417
50 88
93 239
95 252
181 216
26 256
167 362
32 492
268 425
442 477
221 258
33 175
78 179
194 487
161 300
86 166
222 408
81 212
138 480
246 385
91 349
351 399
329 401
203 360
224 392
302 453
284 334
243 406
410 434
301 476
249 305
216 461
214 385
96 247
13 252
46 379
200 375
335 455
137 461
193 275
231 451
4 20
97 273
109 196
137 256
291 453
113 381
221 393
53 253
48 158
250 489
73 198
155 266
315 485
29 305
164 347
151 460
38 219
132 444
43 153
190 325
366 480
86 146
98 483
365 487
219 323
130 379
133 302
203 391
258 431
146 219
54 457
264 457
33 64
207 323
189 292
112 141
44 442
18 277
61 382
91 279
29 103
108 150
25 166
48 482
157 303
21 241
150 451
138 383
365 488
99 236
122 244
295 343
200 221
142 365
69 499
110 494
324 454
100 481
271 475
174 367
204 269
51 170
290 419
168 170
331 417
123 191
41 331
86 324
14 374
70 180
130 425
182 229
154 451
41 270
232 355
198 429
137 466
167 448
180 364
302 391
120 446
246 277
468 487
43 170
453 461
116 426
356 365
243 332
296 435
204 364
94 335
66 160
4 261
191 392
295 325
140 283
117 353
248 394
88 262
214 216
320 326
25 171
236 363
58 364
68 357
397 403
37 61
94 291
290 339
225 355
32 217
136 172
327 370
396 398
2 316
321 392
116 146
359 402
98 391
15 497
60 342
353 434
153 489
78 115
349 481
221 291
37 491
97 185
131 470
306 364
264 410
187 293
87 288
74 243
63 140
120 427
109 145
240 367
128 465
189 488
169 170
99 272
225 445
41 146
66 182
117 321
265 484
181 247
341 344
49 300
161 332
257 273
196 276
68 160
83 454
88 121
8 286
53 104
38 201
268 269
13 100
58 288
147 214
237 451
328 421
31 162
143 158
251 273
156 458
234 267
311 484
150 382
366 399
125 341
64 255
57 343
106 390
326 392
74 376
31 54
83 271
1 316
17 441
242 366
102 317
217 466
270 337
140 327
257 311
48 248
84 330
72 407
457 474
234 258
6 15
66 482
210 248
75 240
114 119
50 451
430 458
124 380
88 154
72 395
274 457
23 360
78 122
439 488
60 242
14 160
273 485
112 250
98 364
121 395
45 308
34 37
51 292
345 350
106 107
296 455
13 275
305 337
372 498
334 359
255 261
7 472
330 350
244 415
82 110
361 365
218 456
388 470
277 436
205 466
80 124
133 233
236 330
215 217
67 181
90 248
143 197
227 355
228 235
299 339
96 352
306 391
412 431
58 131
29 168
261 268
10 359
259 474
103 247
224 294
64 291
365 408
180 473
85 371
86 246
225 480
239 402
188 396
136 169
453 469
233 486
104 439
81 197
320 390
5 13
27 290
304 430
351 433
45 475
149 487
215 226
95 280
23 439
8 84
77 302
40 251
2 182
111 353
92 221
197 255
52 368
240 452
3 355
147 381
406 434
351 478
118 119
58 447
97 197
84 176
94 489
74 148
163 272
50 475
116 464
127 136
250 469
56 67
237 280
250 256
288 354
224 245
98 417
12 454
116 220
90 339
231 299
47 326
227 481
181 233
70 436
170 265
414 464
6 420
121 313
341 374
138 404
172 469
217 441
365 368
308 324
137 310
355 496
217 407
168 169
73 453
250 500
141 227
270 499
86 103
92 247
309 390
207 394
314 315
128 312
206 404
90 145
406 488
64 84
116 208
292 439
109 374
47 76
396 424
279 475
45 83
37 480
5 356
378 448
376 426
87 289
122 125
124 356
171 228
34 350
102 178
186 255
50 177
268 431
306 363
127 213
126 398
44 383
4 162
214 343
82 175
97 420
197 469
341 470
387 484
66 92
325 394
288 384
13 397
209 258
13 315
108 379
346 482
115 305
119 375
102 393
280 431
157 475
107 410
24 253
377 434
100 344
431 465
357 418
63 289
226 414
4 11
116 407
157 495
174 188
48 183
346 360
254 447
24 62
81 428
198 477
93 258
27 373
291 313
226 329
131 134
174 264
101 171
281 426
289 290
365 462
24 88
141 402
207 220
336 341
261 299
173 360
274 398
105 354
393 480
378 468
60 188
187 206
13 142
98 361
128 496
135 470
221 492
16 228
176 370
88 206
412 445
13 59
307 324
9 195
17 393
315 321
221 372
420 440
388 474
169 379
321 380
26 76
48 385
150 350
32 482
24 99
70 94
202 497
110 429
47 168
315 490
134 162
65 472
406 432
95 489
30 457
420 452
18 328
113 423
39 449
273 481
106 109
237 366
51 301
197 367
197 388
80 397
390 462
5 350
182 382
217 275
25 60
120 343
60 316
307 483
326 422
115 475
196 437
107 409
58 485
141 448
406 444
61 108
81 468
19 219
246 348
222 375
400 422
308 317
29 308
38 475
46 376
350 383
110 133
54 249
55 466
125 436
249 487
31 46
21 114
64 134
361 445
47 344
47 162
78 90
158 195
2 477
217 412
15 427
189 255
228 448
277 356
418 500
99 493
266 289
147 400
230 307
108 267
170 405
171 318
369 454
254 405
138 174
79 159
68 197
33 200
212 413
56 195
276 310
241 390
29 455
204 334
135 316
31 335
186 268
9 150
173 254
407 416
466 479
143 450
106 256
163 490
195 359
199 336
153 253
145 402
213 284
254 473
338 379
196 414
215 253
152 369
305 437
192 479
262 354
356 472
260 263
250 487
42 145
224 327
128 250
400 426
129 414
193 416
392 462
147 341
206 479
144 270
76 368
332 463
127 211
8 381
193 210
71 498
73 338
14 489
299 310
321 323
114 393
311 470
233 237
205 415
48 494
75 390
218 441
356 443
59 310
282 487
370 406
260 326
10 15
237 342
14 468
9 246
267 343
63 178
114 235
110 484
6 315
247 324
170 468
236 256
227 352
164 413
131 367
41 141
169 289
140 468
66 341
422 455
48 261
298 316
283 367
411 480
298 343
19 447
267 452
126 436
121 370
202 362
233 462
6 449
216 257
19 113
47 342
63 112
39 75
61 74
17 136
424 447
106 401
45 368
134 462
218 377
254 357
98 130
137 331
216 477
213 420
75 224
248 319
48 61
24 183
495 497
83 239
192 316
17 311
259 493
9 10
197 204
87 233
63 133
29 289
262 406
63 304
39 223
104 191
48 224
283 428
21 106
109 349
132 383
397 424
215 285
2 213
183 205
10 134
78 152
64 344
175 482
329 471
9 262
91 427
5 202
378 386
26 290
110 282
389 394
260 366
225 270
72 81
94 284
152 313
184 273
105 451
393 452
305 454
411 498
285 487
141 281
158 249
355 389
175 444
170 390
166 356
288 295
213 316
39 210
9 12
111 243
433 445
254 365
95 292
123 192
335 428
1 10
305 307
58 323
315 327
48 325
134 217
121 217
42 192
276 411
99 193
83 395
136 320
125 471
72 453
34 206
220 337
19 335
30 326
58 326
292 417
46 98
117 175
354 358
248 370
198 396
68 323
284 343
27 51
293 324
120 121
254 444
301 453
74 210
46 52
298 300
99 347
34 150
129 245
45 254
178 421
91 352
113 280
187 390
215 300
31 95
337 450
349 423
424 494
27 402
389 440
104 449
79 401
110 140
286 477
262 487
209 320
63 363
116 283
225 396
113 259
10 480
22 453
4 165
279 389
280 320
232 292
51 406
196 235
136 459
311 450
32 243
62 423
19 345
54 196
126 487
200 288
66 440
306 452
106 422
481 490
95 106
50 278
79 439
174 488
274 363
140 473
127 142
343 417
105 425
11 475
282 495
168 327
195 220
322 420
210 339
116 136
45 420
235 364
439 459
168 328
162 257
387 495
318 345
57 124
114 469
282 412
38 148
45 280
15 39
144 347
383 448
43 298
213 499
146 270
150 254
157 205
111 371
283 302
283 409
368 472
23 298
115 368
29 174
192 492
301 410
125 469
201 363
156 452
249 364
33 205
160 423
65 147
164 304
316 394
40 500
286 499
175 256
331 416
82 307
382 455
211 220
137 336
114 254
46 208
250 344
241 409
361 439
315 326
256 338
311 453
272 387
15 277
151 401
82 393
44 217
419 462
184 312
405 490
69 158
280 346
137 259
21 433
177 439
34 418
54 250
89 325
52 200
20 312
233 271
176 342
437 492
351 407
163 334
81 408
23 467
92 484
44 116
53 266
39 152
192 240
262 384
274 476
207 210
89 455
296 490
225 271
117 178
164 490
297 318
164 282
257 306
150 385
7 17
168 500
97 494
67 122
309 483
424 458
126 227
183 279
95 407
159 246
352 396
383 491
87 281
397 473
220 286
41 498
165 460
88 435
312 344
433 492
174 412
142 170
236 267
180 363
78 440
340 396
136 316
424 486
130 151
270 353
321 406
279 401
204 393
72 463
172 425
290 369
56 342
108 473
26 383
273 444
181 222
268 307
265 321
40 382
38 186
43 54
131 203
12 96
76 202
67 362
127 348
80 132
152 290
57 187
248 462
24 27
279 408
111 384
392 418
357 384
407 493
463 469
463 500
362 407
194 197
159 463
136 183
53 118
46 471
31 62
28 248
319 388
159 185
94 132
138 421
386 439
174 396
139 157
78 318
378 392
287 438
241 260
360 472
376 424
52 460
63 137
3 309
240 479
90 112
266 381
147 332
251 461
108 318
112 453
17 93
44 477
202 339
229 326
67 343
165 346
484 494
261 402
171 254
212 443
162 277
271 312
134 304
187 297
25 201
237 288
102 283
101 262
163 195
17 238
203 451
205 480
60 171
382 482
44 214
226 389
115 288
2 10
24 358
13 132
446 489
61 81
25 425
41 138
1 424
47 312
289 492
82 312
287 318
100 225
46 205
98 290
257 352
38 261
44 356
206 374
430 460
119 494
131 422
335 385
186 443
33 484
496 500
124 229
23 365
213 435
116 310
391 448
104 303
93 271
84 440
129 394
149 288
55 413
158 453
44 220
317 424
176 475
215 428
222 298
82 135
11 12
10 428
348 449
305 470
337 352
59 133
152 480
130 319
19 402
12 87
434 437
292 356
65 383
93 471
460 473
367 393
222 425
147 179
6 14
264 399
417 493
173 339
141 174
363 497
147 313
73 377
213 345
141 280
42 170
58 141
61 419
85 243
176 392
188 336
103 261
70 177
73 470
480 481
7 11
158 171
217 226
176 210
403 474
350 479
409 475
157 230
342 483
106 198
338 449
120 485
287 425
234 488
39 290
293 439
11 158
124 289
214 378
125 208
257 267
242 379
291 442
191 263
361 425
217 420
275 405
277 410
330 333
270 387
231 478
364 377
220 290
242 427
266 437
139 187
353 435
249 325
100 331
432 457
94 465
37 467
191 241
353 438
62 279
60 79
257 468
121 310
183 475
368 451
197 343
34 192
91 101
41 88
64 300
50 396
38 205
91 341
292 302
39 456
34 44
100 159
1 14
61 181
351 414
346 452
184 237
28 260
25 487
366 409
215 344
2 37
369 449
379 486
152 330
64 421
320 498
100 106
284 326
188 222
34 424
185 413
1 349
99 307
184 321
51 85
52 176
46 298
323 412
223 309
232 482
74 482
412 469
59 434
359 437
57 230
97 336
57 245
131 412
46 214
281 442
140 433
238 403
127 184
331 394
5 14
76 473
126 431
455 462
86 427
375 499
183 335
165 168
38 446
74 439
28 399
164 316
432 500
74 264
334 344
314 342
391 420
310 382
69 283
108 197
62 416
18 454
296 498
123 379
284 437
165 417
250 262
13 348
29 182
188 253
193 218
165 195
80 500
199 311
283 355
49 381
259 294
86 91
283 397
170 424
172 407
96 378
261 488
22 485
31 251
13 364
295 364
59 396
416 459
244 287
117 300
218 471
265 466
88 391
210 363
346 429
159 196
119 462
363 481
279 287
226 433
299 410
167 381
208 422
306 317
147 176
186 278
80 399
37 339
85 295
317 395
316 493
50 111
52 465
105 216
333 493
53 190
102 493
280 376
22 195
69 484
133 466
70 465
31 154
388 449
275 500
39 272
179 190
6 124
160 394
140 328
309 418
121 483
200 300
164 404
159 462
101 175
72 432
370 489
19 84
49 364
184 347
240 488
4 391
155 398
57 486
29 353
126 499
32 157
5 126
297 332
182 420
66 188
308 434
178 396
84 366
266 469
113 459
139 360
387 397
160 201
117 198
274 286
67 230
210 272
325 490
38 160
187 447
240 465
137 164
394 445
237 368
7 93
20 197
378 469
6 221
72 292
5 321
222 295
56 499
196 212
52 488
346 427
225 280
1 9
14 167
35 237
179 238
244 342
252 366
202 205
248 351
302 450
279 382
17 365
377 488
77 437
8 424
2 132
334 346
71 234
293 319
83 409
246 266
34 228
325 406
179 194
282 398
39 410
283 466
307 458
263 303
141 368
130 193
72 379
134 152
155 434
171 385
6 132
125 182
3 142
37 349
54 109
265 358
205 240
404 443
110 449
103 479
4 13
71 304
5 487
128 485
29 492
179 478
62 128
94 344
69 294
254 344
397 452
116 180
207 286
360 434
435 445
244 338
231 445
242 341
260 325
83 376
429 459
208 257
91 263
203 251
153 329
306 492
189 212
51 238
75 457
54 313
131 270
191 287
295 367
56 109
361 392
22 225
104 356
251 449
263 293
133 137
195 442
470 499
2 4
340 446
100 130
399 458
87 230
140 432
85 142
30 453
14 76
84 316
90 216
121 480
40 396
267 411
96 172
480 489
152 484
257 343
78 350
69 459
116 408
152 359
123 209
70 420
471 476
292 477
189 421
25 134
362 395
108 161
232 446
43 202
53 344
105 219
181 271
236 312
40 265
85 158
213 441
6 173
53 186
197 270
207 388
294 390
52 80
90 335
118 239
15 468
74 405
97 234
280 465
199 213
146 423
94 476
334 465
300 404
31 329
27 455
440 462
14 303
294 487
12 265
95 184
137 441
56 228
95 139
93 279
309 499
49 338
42 351
22 202
59 217
44 53
263 416
53 110
257 395
140 221
103 338
353 429
19 165
140 199
44 479
3 259
335 390
36 231
10 11
121 498
160 183
210 267
120 436
340 486
235 326
266 307
203 273
167 213
151 325
182 330
5 179
44 314
247 392
250 375
132 474
92 99
177 212
143 491
251 390
7 12
6 134
68 131
125 467
289 319
48 330
6 478
173 395
150 442
306 433
327 439
170 212
202 411
99 500
254 452
79 225
351 487
202 465
63 179
35 271
75 405
83 249
134 367
199 423
421 444
122 289
83 416
402 475
113 187
5 7
112 275
102 408
81 101
301 463
358 442
137 359
33 182
51 237
289 428
14 142
59 462
117 492
182 408
93 158
129 270
427 441
326 481
265 386
50 210
180 497
306 457
280 348
347 361
128 346
111 303
14 306
1 291
175 349
267 278
147 296
10 191
89 389
153 392
297 369
279 324
47 419
1 11
416 432
475 482
120 251
191 282
341 435
355 403
197 213
69 467
434 497
341 500
281 320
9 294
11 190
87 463
5 87
339 431
7 27
387 431
244 425
199 256
236 438
6 213
25 80
340 367
114 183
24 296
123 216
143 185
262 331
79 133
465 475
118 378
223 429
146 214
86 183
28 173
76 497
24 107
184 301
23 168
5 377
253 363
197 484
236 456
71 217
44 357
109 254
350 419
22 97
94 245
217 381
214 413
168 337
421 479
347 384
286 426
9 141
70 132
264 470
306 436
107 241
418 439
209 447
380 478
7 8
361 480
14 101
13 27
13 426
164 319
265 397
223 279
354 453
105 257
105 342
112 466
340 493
147 225
33 496
83 274
129 429
247 458
315 408
82 337
212 340
202 421
85 382
44 140
93 362
181 294
336 470
19 215
34 103
139 311
278 463
194 267
52 175
126 486
2 416
62 290
11 380
414 485
73 302
203 441
314 485
16 490
41 225
69 148
97 495
402 471
3 211
5 290
190 204
4 215
85 297
85 412
274 404
156 390
93 490
179 290
221 463
444 460
205 265
112 397
92 240
41 330
70 377
119 463
102 439
416 426
67 107
331 426
371 407
26 69
29 421
200 283
133 408
17 249
121 496
247 377
241 389
58 313
6 357
182 266
281 283
213 324
195 465
40 340
34 128
61 98
310 421
82 269
12 125
245 485
224 475
134 320
177 210
183 269
110 388
436 451
27 451
216 353
51 247
4 69
102 424
132 360
86 290
70 265
382 487
235 315
35 466
326 468
39 398
23 326
25 413
216 375
211 323
182 396
71 197
240 421
237 482
131 223
65 190
96 307
164 209
311 344
411 454
68 104
34 209
9 103
33 280
85 339
120 195
95 101
60 157
319 321
81 100
192 463
212 335
117 193
218 337
39 379
146 480
7 482
267 395
143 399
315 443
26 361
24 53
387 496
322 463
20 157
144 404
330 348
178 445
408 457
24 295
300 305
138 171
110 127
57 498
92 290
310 474
170 256
185 221
197 467
273 314
88 419
97 199
323 438
4 230
379 425
5 294
313 388
55 397
422 492
336 373
14 70
184 338
192 323
86 487
223 306
352 367
73 284
46 195
116 289
151 293
27 214
8 13
98 371
141 301
30 71
80 88
72 130
183 196
35 471
216 348
22 495
57 63
230 252
339 350
216 488
42 311
199 493
347 398
3 6
55 332
348 432
71 109
105 494
428 458
32 100
171 340
347 409
11 179
85 472
309 380
349 467
298 446
11 324
335 460
178 304
18 209
332 402
115 116
129 137
73 324
21 397
45 331
234 397
373 487
203 424
22 294
20 133
292 435
344 426
2 134
446 449
132 481
306 366
141 219
316 360
215 339
234 364
75 369
204 244
105 226
148 409
342 424
181 246
176 398
74 180
230 247
80 249
48 141
27 382
410 474
173 405
35 288
95 419
465 480
74 275
214 400
44 271
143 367
313 407
284 435
272 310
42 88
205 229
4 46
28 247
261 374
132 281
184 195
180 228
307 401
401 409
2 14
277 423
201 306
117 129
332 418
89 434
153 475
367 368
416 458
65 258
172 208
198 306
105 287
125 351
35 377
12 440
213 460
19 233
332 342
113 310
7 15
152 441
80 252
3 305
87 261
33 176
199 315
328 469
8 14
34 417
236 286
338 462
338 384
302 405
90 350
326 424
47 87
124 493
146 310
40 136
31 450
285 498
134 440
61 449
252 476
177 332
77 164
404 416
347 472
76 169
352 395
14 438
60 176
55 86
241 297
268 400
403 442
315 494
371 500
206 315
6 10
318 399
178 351
157 407
16 71
73 163
8 319
187 408
83 145
120 447
77 322
23 59
176 224
12 417
189 395
60 253
265 491
231 325
95 399
74 78
280 443
25 432
56 385
159 454
110 250
69 473
87 149
2 420
198 261
196 208
71 142
295 351
301 493
9 429
136 201
99 222
49 274
74 308
70 78
125 437
164 306
344 388
9 59
457 500
317 498
372 403
90 284
1 239
5 277
234 417
33 321
273 377
333 338
206 331
392 432
339 381
38 426
76 234
143 316
52 382
206 464
81 218
459 480
67 332
97 384
26 413
293 447
31 101
210 398
51 410
184 279
217 384
185 277
152 472
9 272
222 297
295 309
104 315
12 158
45 151
26 353
392 397
152 315
43 110
335 359
372 482
125 289
26 317
100 430
118 362
159 279
84 175
234 402
143 207
18 389
70 158
255 397
207 395
187 424
19 465
9 247
67 425
358 454
407 458
43 262
239 250
230 500
353 385
171 367
269 474
477 480
71 269
103 213
69 462
50 228
307 425
7 115
264 308
353 368
78 400
29 300
89 342
26 211
71 189
252 474
49 317
212 371
62 227
191 278
85 416
278 308
273 351
220 383
2 355
155 322
39 423
145 367
247 274
5 98
93 440
143 477
164 430
217 388
77 78
440 482
130 168
27 101
9 422
65 404
303 404
214 388
318 384
141 493
31 166
201 362
24 92
370 487
107 480
243 299
301 399
155 167
8 110
49 204
457 484
215 316
59 464
267 310
241 442
68 127
168 442
407 486
333 374
236 476
279 387
273 467
162 355
81 163
315 450
127 468
3 264
271 326
283 470
275 486
161 308
212 292
23 132
195 401
150 318
21 38
69 286
184 437
103 301
280 286
52 89
303 369
21 347
144 145
277 440
7 13
258 366
280 321
107 439
52 341
81 362
163 369
102 153
52 156
70 89
114 429
385 450
209 398
2 402
9 193
212 228
82 274
268 339
196 284
165 232
169 237
387 394
416 438
166 190
212 318
41 92
100 148
149 165
449 477
240 299
91 123
152 321
130 142
260 288
147 251
11 116
245 450
167 423
6 438
438 450
91 440
29 336
82 244
248 433
1 380
169 194
323 464
200 376
89 309
37 300
218 475
166 167
220 453
133 358
287 329
325 327
153 243
269 455
250 251
90 251
215 411
3 14
270 315
168 306
325 344
225 237
134 470
75 207
318 336
313 368
282 478
153 473
129 296
183 365
126 192
133 490
309 315
77 356
270 385
342 402
164 474
281 347
163 241
248 497
288 357
65 284
85 397
11 189
201 434
119 279
55 310
25 382
144 348
67 398
250 279
38 88
48 144
47 256
159 384
214 228
139 384
139 152
193 195
17 134
50 101
59 363
208 222
469 499
233 445
454 455
337 356
114 203
73 325
329 498
306 426
60 211
86 493
71 112
4 12
60 362
214 399
311 372
147 354
58 230
67 345
179 196
202 322
368 421
64 199
199 220
53 101
15 85
277 361
234 237
225 440
92 277
347 431
318 393
450 484
135 395
311 375
156 462
151 297
375 388
111 159
109 207
102 322
342 397
245 247
153 484
236 367
225 311
1 13
211 221
429 483
163 313
224 282
69 349
77 497
150 389
28 490
317 355
168 349
54 386
286 345
234 380
321 415
275 302
9 377
175 309
150 454
99 180
160 165
25 496
147 310
259 321
249 458
155 221
90 394
145 317
104 414
175 278
65 281
394 487
250 274
291 411
42 471
345 383
46 403
168 185
56 335
457 470
9 494
20 451
39 179
14 152
316 448
339 488
26 356
82 177
179 340
29 329
264 279
100 216
127 433
195 393
355 481
44 92
227 382
188 258
45 493
313 401
7 181
101 391
307 345
184 267
116 351
191 350
10 413
122 352
292 411
73 407
90 476
164 294
27 415
269 380
12 461
149 428
239 277
317 445
266 478
244 405
144 361
101 371
199 269
108 185
90 338
287 495
266 286
377 379
259 496
317 329
378 424
190 461
156 439
269 375
21 207
330 343
239 280
231 338
133 237
57 421
221 293
6 351
3 357
78 79
377 465
33 376
252 324
54 223
4 224
10 42
422 459
86 89
70 442
88 155
194 458
166 451
204 230
258 500
30 404
216 320
15 349
115 317
268 481
109 120
119 125
385 421
156 177
124 391
324 452
185 309
75 197
229 244
75 304
77 285
180 380
6 390
47 454
272 343
220 283
249 348
267 332
115 278
239 460
87 363
54 271
218 391
112 145
112 224
223 318
320 392
65 216
204 324
151 477
62 440
19 488
93 236
422 482
217 242
81 357
169 332
77 370
4 275
275 314
171 335
24 209
174 429
69 248
84 141
160 257
64 360
65 254
88 238
283 319
65 166
347 426
42 291
266 295
5 8
6 284
172 187
69 120
4 29
254 406
376 380
313 394
203 477
236 389
247 442
18 368
329 456
23 429
16 468
69 155
194 293
94 258
431 475
13 467
95 372
218 306
18 489
459 481
19 324
115 425
271 309
128 190
326 329
12 305
99 312
98 184
98 181
6 283
240 467
52 211
190 387
25 206
159 280
209 437
116 298
8 458
414 469
53 117
43 259
245 352
47 155
291 316
95 226
201 290
249 298
219 307
45 153
181 350
3 10
297 486
173 318
294 359
430 465
340 353
24 411
169 382
258 370
12 468
155 455
20 249
29 330
205 375
291 312
84 312
38 492
103 290
166 337
104 197
416 475
88 196
51 443
354 423
44 238
357 450
270 323
44 413
240 448
12 463
25 112
168 407
374 418
10 462
358 424
359 432
314 385
95 460
281 475
207 285
166 238
207 391
35 167
52 383
151 291
30 460
242 265
87 471
201 412
232 283
253 258
93 303
93 485
327 441
9 161
239 390
123 270
143 372
324 413
48 384
151 368
149 470
162 206
213 229
186 231
361 376
388 481
232 330
494 497
339 382
220 390
410 459
26 254
150 346
223 426
173 347
89 431
339 398
90 181
275 287
166 460
147 166
188 208
318 364
244 361
5 107
73 267
98 315
331 446
168 358
180 295
439 480
282 440
296 368
22 89
215 498
238 443
243 344
244 279
90 165
312 407
62 434
144 201
135 299
57 255
199 378
73 258
417 427
102 456
36 293
15 462
317 399
231 254
104 391
101 375
228 319
18 250
243 273
23 272
458 499
9 11
82 347
145 310
186 374
235 253
245 371
127 247
44 55
24 345
171 475
172 276
310 437
94 360
4 436
328 398
342 410
69 134
94 369
7 435
51 404
11 288
87 317
120 491
145 181
305 333
23 371
63 369
45 131
177 460
108 246
130 407
30 425
278 412
288 350
55 368
199 370
65 74
71 276
119 218
394 458
185 405
267 297
62 123
237 260
25 153
75 296
138 469
228 381
83 251
277 401
392 419
115 373
287 366
228 422
197 396
109 326
25 141
55 451
5 141
220 378
309 459
224 478
145 410
15 452
147 411
372 486
7 66
316 458
127 373
273 451
429 482
14 212
24 117
359 455
198 363
243 252
158 173
216 363
477 478
267 323
9 475
43 109
347 365
14 194
85 153
82 478
424 443
190 252
133 164
74 424
94 346
175 434
39 279
337 368
111 339
448 483
10 34
45 454
7 328
36 109
56 79
174 255
75 331
25 101
344 393
11 166
54 110
64 378
43 191
45 395
184 247
236 469
116 127
33 171
170 392
187 430
24 284
145 351
56 164
383 466
132 455
201 436
66 494
19 420
145 222
11 98
179 291
129 327
119 439
71 398
129 446
389 409
248 490
395 496
193 379
203 453
120 440
149 172
6 248
14 81
75 425
181 206
196 395
347 403
109 335
13 347
12 379
145 453
332 495
231 332
290 408
269 300
253 430
217 474
17 24
33 471
38 252
2 196
63 468
188 280
186 195
53 426
155 291
371 416
198 290
209 314
96 397
199 286
58 159
33 76
249 273
66 70
181 237
186 412
147 289
115 228
286 359
229 374
381 391
50 193
283 316
311 459
94 414
30 399
123 222
75 217
75 278
144 408
18 169
364 490
406 458
228 475
131 132
127 397
151 411
299 317
120 317
186 327
201 311
212 214
144 301
21 34
211 355
158 493
145 302
116 280
173 480
135 392
241 473
148 180
135 401
22 425
279 367
21 497
119 400
20 307
15 400
256 358
69 228
384 427
170 248
272 289
356 499
65 325
175 327
77 470
106 415
377 435
225 439
124 447
37 142
233 455
226 479
373 474
35 87
90 414
279 476
79 248
181 286
90 226
70 138
72 175
105 116
126 399
166 413
214 486
110 343
332 362
51 427
74 192
48 310
417 449
136 366
184 306
10 265
2 7
3 393
137 337
111 125
263 276
302 328
233 377
156 311
248 358
17 389
151 177
287 433
161 203
79 265
153 283
74 449
388 472
68 313
68 490
256 371
394 492
171 459
84 255
45 343
218 278
11 201
55 429
189 359
1 399
160 427
224 268
82 132
263 404
345 386
105 368
453 456
351 406
20 72
90 500
45 194
83 381
111 291
224 495
127 129
177 380
148 474
166 301
152 456
210 381
290 355
353 485
303 482
20 56
324 356
129 317
16 28
91 376
52 69
197 239
132 398
188 209
74 282
339 349
45 193
155 364
153 186
216 372
138 377
437 480
146 157
15 332
247 492
57 428
145 224
140 341
1 344
92 444
204 323
301 387
257 384
267 403
30 433
12 451
40 54
275 460
136 175
113 321
437 456
38 298
373 464
4 415
25 88
230 361
243 368
36 151
64 209
404 476
111 279
245 341
31 128
207 229
378 415
325 357
346 426
51 169
72 291
143 418
23 464
142 471
206 329
34 62
220 467
14 89
398 413
45 49
72 157
220 242
256 459
201 414
77 387
130 460
364 473
148 248
17 298
436 470
188 199
82 141
258 267
300 481
236 468
337 486
19 410
97 422
19 102
92 474
215 388
197 203
224 452
5 438
63 155
20 217
59 166
257 422
127 178
407 492
198 490
322 379
175 452
144 199
96 358
113 176
312 332
45 178
149 478
73 421
202 429
101 447
295 387
106 336
391 441
1 8
184 337
148 422
63 119
245 326
373 448
107 434
155 223
151 335
300 376
274 280
158 387
480 485
10 73
283 385
192 258
402 491
333 366
264 471
17 434
197 302
27 259
255 408
177 340
66 452
241 483
248 359
111 454
244 278
27 120
203 358
86 326
145 261
68 453
87 269
113 301
212 456
341 381
328 476
88 278
283 350
355 388
10 219
195 313
129 323
25 436
392 454
442 470
13 404
318 414
28 36
100 452
308 491
201 437
103 297
14 42
181 197
210 429
233 334
124 370
90 340
190 280
56 406
79 190
414 447
147 474
43 167
239 325
50 238
325 473
386 480
157 264
90 138
112 215
224 448
200 454
3 13
137 416
43 112
114 443
340 454
4 461
106 429
155 233
64 172
155 457
392 430
327 466
477 483
87 222
221 441
444 456
231 312
40 389
109 360
165 392
25 92
127 338
174 408
100 381
142 244
26 224
406 482
87 95
7 78
39 477
155 226
87 117
353 457
91 426
190 354
143 228
179 379
57 199
353 384
317 387
186 485
312 330
222 338
130 166
251 267
112 385
76 201
365 376
137 143
166 175
155 333
129 214
124 337
169 212
140 228
349 352
283 472
139 352
150 418
24 243
306 344
15 479
61 264
180 350
25 224
225 461
12 53
210 219
163 330
202 442
240 295
196 445
319 385
266 459
34 221
74 80
244 434
226 241
320 410
133 182
33 95
86 350
78 301
133 359
57 172
25 32
3 121
158 393
424 452
252 265
282 334
254 341
81 156
161 293
158 450
403 451
101 236
350 486
54 253
168 458
36 194
63 152
405 448
129 189
33 249
223 368
127 293
90 405
254 404
360 398
417 423
27 190
23 82
331 409
303 411
494 495
158 418
143 459
228 296
184 404
130 421
366 395
242 444
198 271
95 396
262 474
220 483
422 438
94 319
327 484
46 470
251 296
71 491
56 92
264 388
161 350
274 276
19 289
292 441
386 444
289 372
297 299
112 201
141 229
109 124
195 224
186 378
370 480
344 397
98 214
203 210
36 326
50 331
203 484
23 262
52 416
127 223
109 245
320 409
122 279
205 359
131 331
216 399
70 255
119 147
49 431
202 403
186 279
21 314
200 358
209 460
330 436
4 440
120 124
210 465
60 110
220 451
229 401
118 163
223 413
373 402
110 392
37 338
49 396
348 349
114 473
65 456
104 194
64 295
43 105
33 487
224 244
95 334
62 77
224 351
158 165
64 119
303 490
112 150
52 87
272 330
362 461
27 454
380 489
39 108
117 284
25 118
247 348
9 41
72 282
90 96
323 351
61 327
47 355
90 366
21 112
27 130
312 397
34 38
40 492
163 296
216 447
48 416
132 202
261 431
303 457
151 495
288 444
22 196
342 361
16 496
8 223
113 269
242 478
62 330
211 311
268 464
212 377
10 68
121 320
177 261
284 422
123 306
94 297
404 424
71 223
223 263
251 491
31 334
166 313
100 380
29 206
433 450
32 306
75 448
16 234
148 498
54 348
215 283
75 218
111 244
300 330
131 181
107 466
344 420
160 298
5 91
343 494
278 362
135 235
96 258
43 470
397 455
32 96
120 407
7 210
32 216
96 141
293 409
202 281
53 335
6 472
95 162
291 416
286 495
14 333
123 184
202 412
220 245
93 348
357 365
9 288
156 214
469 494
302 374
105 155
37 166
311 340
41 434
57 271
98 421
74 410
241 366
382 398
87 348
459 492
255 375
370 428
356 483
224 402
168 485
218 310
193 303
193 299
160 426
275 444
84 454
192 405
138 419
468 493
107 220
207 233
320 472
388 500
39 242
225 460
98 366
150 177
349 399
48 420
386 433
33 111
234 452
40 215
51 122
54 286
216 221
255 302
360 426
241 365
21 94
247 485
19 148
202 233
62 169
345 349
16 214
34 101
95 393
286 383
39 389
151 415
260 377
290 377
14 21
2 148
100 217
48 286
340 379
245 366
209 379
410 442
353 400
27 448
136 138
60 369
101 183
269 356
23 253
18 377
100 105
306 325
394 414
53 313
17 412
221 233
305 380
212 264
225 312
38 247
193 228
77 228
19 59
419 443
42 251
94 263
31 336
276 373
21 185
60 239
64 264
102 484
214 244
66 458
183 204
207 332
282 310
5 347
148 359
125 347
32 267
305 306
74 371
99 443
240 391
2 152
71 376
151 439
140 174
137 434
279 500
78 286
134 184
324 494
100 456
69 141
220 463
265 377
65 211
428 500
58 98
175 484
102 435
323 325
23 383
19 351
120 272
102 228
224 288
410 500
117 273
96 254
379 459
208 228
293 325
439 463
353 373
88 161
284 289
66 159
51 285
177 271
274 483
283 392
45 75
201 237
377 413
40 193
228 396
357 410
70 368
35 123
79 363
388 462
304 476
161 238
212 444
128 358
262 377
222 436
142 312
137 161
81 105
229 259
169 348
95 137
23 411
173 316
270 398
193 293
266 425
118 341
36 432
371 461
163 176
86 151
163 253
388 423
167 234
3 50
85 426
13 135
45 110
94 454
44 79
241 411
411 496
108 444
173 363
154 307
14 193
415 430
134 492
299 437
164 403
54 140
361 475
146 459
42 392
202 373
340 408
86 92
211 410
69 200
199 485
29 483
192 466
25 484
192 375
295 477
155 386
199 297
135 137
359 387
22 352
51 439
299 318
204 263
156 273
301 434
327 435
153 458
252 288
113 335
162 274
327 492
132 158
123 342
214 331
11 47
377 437
354 388
136 384
69 217
108 275
206 247
124 386
187 237
281 429
256 340
27 221
252 332
426 477
82 432
188 270
391 469
27 114
437 488
212 293
275 352
91 125
77 171
257 369
252 312
51 477
52 217
23 115
168 244
314 492
250 408
122 197
32 87
14 339
245 476
109 403
18 442
61 93
192 495
13 331
25 105
286 304
146 184
91 459
21 256
24 69
123 486
354 439
10 491
351 494
37 302
139 482
211 464
23 170
32 464
218 495
106 457
389 473
245 327
34 108
128 335
291 454
92 353
155 436
279 312
41 253
43 103
105 333
72 258
224 246
313 417
118 407
203 297
112 200
96 444
376 386
167 259
3 241
180 270
421 435
214 464
28 438
81 347
27 210
316 330
207 221
207 393
54 118
52 185
74 474
164 237
21 390
80 388
59 176
100 163
223 393
164 191
332 394
69 457
258 435
356 484
47 465
301 462
277 278
264 347
208 425
149 184
49 262
458 493
225 392
203 491
31 89
275 365
139 309
224 482
93 295
284 331
367 473
308 426
78 381
124 182
159 436
145 197
196 215
81 406
305 343
101 143
164 327
139 434
409 469
240 436
28 154
372 481
283 462
84 471
224 280
338 430
119 497
231 330
107 392
18 165
273 385
266 481
81 267
25 403
191 297
416 442
72 99
6 361
131 322
182 306
398 476
42 281
372 386
81 109
205 484
60 436
53 435
154 241
44 52
87 482
135 425
202 469
34 286
70 172
190 491
210 321
191 325
65 487
18 370
279 284
250 486
223 493
224 256
296 426
206 448
43 429
449 485
270 407
25 340
142 436
36 447
87 330
55 400
331 390
126 449
1 22
106 433
12 327
41 413
62 392
129 452
343 444
25 74
279 340
93 194
76 212
46 251
13 477
226 269
216 299
113 385
272 368
199 419
10 203
137 266
4 185
56 338
94 133
17 457
20 493
79 330
83 115
223 238
191 315
172 243
451 491
277 325
316 319
65 203
200 384
80 238
318 328
93 173
150 172
141 370
96 104
80 445
27 247
173 496
41 245
70 164
83 279
43 106
14 45
352 371
10 12
61 182
64 397
130 186
61 332
294 337
133 195
67 420
58 328
352 418
143 416
244 475
294 387
341 361
1 142
29 495
242 403
154 223
272 358
273 488
170 196
68 118
4 425
83 350
170 433
363 443
367 487
40 398
57 91
15 345
350 433
48 406
215 394
357 454
75 479
11 305
10 400
155 181
352 431
249 353
60 445
212 323
117 320
24 145
304 338
14 163
265 365
287 372
472 481
310 498
189 299
16 482
388 457
457 499
179 249
160 179
401 446
117 225
125 153
77 152
103 339
304 403
219 287
3 80
60 101
293 372
43 128
287 342
52 450
133 491
248 251
112 220
228 421
269 377
419 439
3 8
68 345
276 370
106 193
108 491
276 404
36 185
305 432
157 451
475 497
43 352
40 499
135 490
189 499
152 477
125 140
79 169
3 405
163 473
160 326
16 124
223 297
281 483
176 411
364 455
252 337
428 486
215 282
410 435
204 317
33 53
31 393
238 483
241 311
347 469
50 247
223 486
12 472
320 439
307 385
127 416
146 349
137 446
420 490
66 474
22 34
277 303
351 440
44 364
218 235
320 423
30 60
158 297
172 364
102 436
364 376
163 476
120 207
210 383
250 255
146 406
288 289
406 461
107 453
228 443
235 400
178 413
15 128
7 114
194 202
205 307
63 91
401 468
295 302
220 377
120 196
80 110
354 438
310 369
100 215
16 427
4 345
39 113
46 388
248 301
182 257
90 384
88 306
79 345
108 123
47 70
56 154
135 408
50 283
3 109
133 395
27 444
70 157
155 294
99 224
140 425
100 335
321 396
232 336
35 181
318 390
59 299
236 435
310 327
308 384
3 12
164 397
270 466
277 431
132 485
99 498
140 427
334 393
103 385
329 331
118 465
78 439
62 152
37 470
14 404
196 478
289 416
221 322
48 430
149 396
80 283
420 428
63 403
171 304
170 422
49 450
158 271
15 368
53 477
340 476
133 384
327 500
94 136
230 273
39 353
4 131
212 500
98 159
6 447
116 307
362 484
327 403
73 412
353 499
232 458
296 486
32 202
313 355
181 414
441 458
298 433
290 368
223 392
283 444
70 147
99 402
197 381
366 441
59 478
169 307
215 459
114 411
218 461
186 354
40 453
156 176
373 446
14 472
126 261
196 265
64 477
35 282
102 448
269 429
27 400
473 494
31 257
159 427
318 341
39 142
137 346
129 235
156 226
472 488
334 413
105 493
99 329
55 409
259 391
18 52
169 255
247 352
143 231
105 302
44 289
45 285
30 488
402 428
66 336
247 466
161 386
149 255
92 466
111 249
292 313
27 468
189 303
174 499
83 165
57 450
17 420
189 403
300 303
70 388
45 426
85 336
69 137
1 119
440 477
257 484
380 409
199 461
262 488
73 496
160 368
337 404
234 363
408 499
388 495
375 408
288 307
86 333
69 275
341 430
167 311
19 92
102 199
251 368
26 85
285 496
362 366
12 206
351 483
91 167
293 296
18 110
369 464
195 376
59 371
328 345
177 197
122 378
34 396
267 336
357 483
200 412
189 380
131 196
256 378
368 438
42 73
183 262
174 383
31 50
147 320
225 443
142 233
80 278
199 239
106 377
362 428
215 232
105 129
88 220
24 139
9 13
154 193
237 434
114 452
413 450
219 407
36 466
417 438
80 410
83 417
7 44
140 157
139 363
175 191
134 218
78 312
158 376
139 207
456 478
25 129
114 213
217 293
171 188
312 385
31 476
292 491
83 327
446 464
39 225
16 439
254 317
82 465
115 131
104 163
164 435
81 149
48 289
386 422
85 97
424 492
234 498
187 431
245 369
86 343
267 406
29 91
285 325
157 365
269 409
3 16
172 292
164 440
8 11
158 473
108 370
2 22
14 233
114 497
125 410
343 424
457 483
25 111
255 436
67 246
4 368
19 76
173 309
54 489
239 457
102 485
70 284
228 345
273 278
261 340
283 294
107 208
71 123
150 165
226 338
315 366
257 477
257 455
22 436
208 242
8 124
106 136
32 270
169 310
194 479
368 407
334 469
9 56
405 431
67 90
150 160
112 463
222 388
218 274
146 351
425 489
228 383
366 370
28 326
345 490
39 276
416 482
176 256
284 373
139 394
105 229
89 366
56 216
103 304
250 335
104 245
89 227
162 435
344 371
113 355
158 265
175 390
79 188
370 432
186 210
258 415
405 453
105 114
380 400
411 440
265 353
375 441
52 407
370 421
136 250
14 171
4 94
202 334
63 131
57 281
182 427
319 449
26 178
266 433
431 471
366 490
27 333
5 75
183 280
29 413
262 276
41 222
204 480
57 121
329 473
94 242
49 276
41 252
346 411
6 156
51 493
52 392
2 60
26 166
299 388
113 441
412 452
75 427
126 301
296 500
300 359
329 424
230 274
282 349
392 420
255 470
192 352
304 343
363 428
125 487
163 213
202 460
342 448
314 349
22 269
241 348
173 413
93 193
105 134
198 316
174 290
11 240
94 345
345 404
107 158
42 95
65 170
210 475
191 193
28 227
297 494
128 145
114 498
39 299
169 302
1 158
8 469
271 434
145 392
89 222
204 295
13 107
152 392
418 487
184 477
424 430
259 491
104 306
179 457
190 337
75 184
65 277
65 151
216 217
429 464
77 132
164 392
328 377
35 442
233 416
93 396
379 470
47 428
74 380
28 447
157 384
62 203
17 120
316 480
13 449
117 482
44 425
43 138
193 283
130 399
223 446
330 366
128 325
240 383
106 173
52 76
152 427
287 468
328 381
257 276
287 323
30 362
16 486
274 336
426 434
127 499
314 398
147 321
3 51
221 295
123 299
45 163
213 253
109 118
137 315
123 446
291 488
83 389
12 67
206 304
61 100
22 160
163 216
77 180
93 261
12 28
57 68
32 205
261 401
44 330
148 497
144 445
352 366
147 323
128 338
108 421
184 251
97 296
146 309
69 96
125 231
290 354
402 449
240 334
68 368
2 222
241 298
2 456
3 367
31 256
319 406
126 265
97 315
183 275
351 453
302 380
144 346
314 406
315 478
277 465
23 276
335 386
112 153
57 447
138 402
147 487
32 360
77 131
188 328
291 443
154 467
14 168
23 167
312 373
2 15
43 380
38 380
67 232
2 318
204 483
431 486
187 261
341 478
106 338
365 451
28 106
196 339
130 481
196 361
272 429
193 360
277 468
182 269
275 296
126 429
75 449
152 285
88 360
121 423
156 476
276 414
98 299
151 498
72 212
182 310
205 424
271 357
189 448
201 314
28 190
296 382
276 334
83 193
183 351
228 298
113 181
22 277
252 432
93 288
50 324
65 295
246 322
125 454
95 443
208 457
174 277
194 477
124 383
49 324
13 15
191 286
275 447
20 459
457 487
133 206
3 461
158 417
20 484
245 498
212 279
137 230
422 445
347 396
148 319
275 483
318 350
151 405
31 305
367 375
285 477
271 292
101 227
124 294
119 313
124 287
326 496
7 245
69 138
9 14
25 196
235 436
1 91
338 344
165 483
72 447
284 445
138 236
77 278
382 424
64 257
91 449
267 465
248 461
289 421
200 337
69 463
233 266
192 429
296 385
380 490
333 474
84 389
304 374
154 369
243 300
62 178
89 269
83 237
129 157
192 408
9 93
22 421
70 188
20 287
123 229
216 497
11 365
19 132
146 263
56 213
8 183
6 436
6 210
104 175
104 259
77 103
308 364
230 365
234 395
295 385
453 484
441 481
199 445
194 311
267 284
401 497
104 280
7 252
155 381
139 223
109 439
46 134
182 363
178 217
95 415
12 180
84 254
24 477
3 266
134 496
39 480
6 161
392 476
213 326
274 451
8 349
297 434
359 376
326 444
373 434
334 356
62 118
21 401
80 341
39 201
196 252
305 464
199 225
39 479
88 110
273 395
21 252
1 180
268 392
335 407
107 189
137 347
35 398
411 429
51 414
343 451
29 165
45 70
190 293
234 429
193 201
133 281
412 420
296 433
17 446
186 496
31 472
432 479
222 427
25 273
109 113
100 415
10 380
51 147
287 306
402 451
16 426
20 236
4 210
103 225
144 222
169 287
58 312
50 355
128 436
305 384
111 482
6 158
67 199
179 393
250 263
15 309
188 216
222 359
136 481
67 499
192 307
89 298
23 176
24 455
39 483
157 228
40 165
133 330
57 150
28 67
254 401
120 441
5 213
130 135
433 485
97 295
54 358
41 335
55 284
153 288
248 328
140 355
69 87
374 490
163 172
226 396
108 466
347 484
38 159
182 380
108 344
28 319
131 204
107 348
119 305
62 239
345 431
228 264
33 256
56 187
206 492
35 394
14 145
213 310
141 189
235 325
35 45
310 406
79 444
50 490
122 148
129 398
113 215
44 85
68 249
111 393
23 343
305 429
37 422
229 327
307 359
171 441
58 441
263 396
401 466
155 188
115 342
149 452
129 273
153 323
29 232
263 280
80 497
278 433
337 435
126 432
30 156
236 407
169 447
13 352
297 473
192 444
189 444
9 186
410 492
180 284
142 310
341 453
410 476
157 421
261 380
152 281
243 432
202 424
42 271
17 428
244 387
96 268
154 155
52 154
478 490
294 488
34 366
228 408
32 143
79 147
54 243
255 314
286 466
2 293
49 482
116 256
319 381
34 355
111 238
191 467
424 441
192 285
444 489
74 93
240 447
92 131
14 87
181 284
2 135
72 377
120 194
126 199
238 485
201 220
413 443
108 266
208 467
112 332
49 206
124 439
110 234
82 122
118 172
38 243
346 396
111 197
256 312
61 188
77 410
373 388
8 446
115 333
66 177
106 175
125 446
51 200
154 428
2 415
178 230
81 167
59 116
253 322
25 89
257 478
233 252
254 441
247 325
219 403
15 116
96 284
185 482
245 496
12 289
230 233
172 291
20 104
115 336
243 255
341 411
398 410
378 401
280 392
237 373
58 415
106 259
46 213
199 410
108 176
403 435
344 444
50 203
64 132
269 440
101 155
171 226
447 452
6 383
274 396
190 298
190 251
30 327
307 499
259 499
203 393
205 306
177 214
238 379
442 475
165 355
120 313
342 398
172 467
43 320
2 13
327 425
61 424
211 475
86 402
19 104
171 314
238 409
87 207
230 470
113 270
229 418
161 329
331 433
136 467
101 260
140 448
298 301
219 379
88 104
433 482
226 453
213 423
164 256
112 406
300 437
262 355
46 147
315 357
202 248
122 356
50 164
202 441
97 257
237 450
381 421
367 454
215 223
345 356
37 197
68 169
91 170
219 361
205 382
101 179
16 227
173 293
11 427
49 336
232 443
216 235
3 257
261 316
251 310
232 497
88 420
4 352
81 179
80 82
366 418
254 369
43 432
74 237
280 404
278 455
98 220
356 497
261 360
226 382
123 383
5 393
21 354
314 340
170 307
260 330
103 489
120 247
75 411
123 144
211 403
353 468
362 472
45 456
272 292
63 310
271 319
72 469
371 410
272 364
105 432
177 452
238 378
116 462
380 474
458 488
92 339
171 260
362 483
303 485
188 249
174 422
316 333
81 320
402 483
232 263
76 306
99 338
162 316
335 423
383 389
183 379
26 218
86 152
57 77
48 191
163 204
107 401
10 192
174 308
169 477
367 495
73 435
118 189
275 374
119 235
91 192
391 491
97 216
28 236
40 89
67 190
250 466
150 260
192 292
66 82
54 260
127 201
274 468
162 295
165 208
301 382
303 396
204 340
256 384
206 395
116 261
57 252
227 402
49 374
36 147
236 321
185 489
111 292
125 187
174 458
158 298
262 308
1 223
123 255
195 315
98 413
108 329
11 477
67 136
36 464
24 267
60 337
16 17
130 341
183 188
114 383
40 90
8 488
224 270
48 267
236 364
37 55
220 375
15 22
22 35
109 340
341 437
231 351
78 226
402 434
186 410
145 324
124 269
200 287
22 371
35 172
7 127
369 481
140 428
199 320
11 183
453 483
185 455
174 222
21 428
279 332
141 362
343 482
147 383
141 495
45 373
276 325
46 434
61 117
332 452
303 477
42 344
26 225
105 288
24 453
329 340
270 346
106 396
407 484
113 318
147 230
19 202
56 287
249 293
204 495
233 425
280 476
183 330
275 331
185 424
181 421
303 375
105 250
249 301
51 98
145 493
326 455
78 361
17 150
213 419
465 499
202 498
122 482
135 380
1 329
9 361
125 163
67 78
352 363
66 245
124 137
70 366
222 439
13 373
271 425
20 37
402 464
144 173
239 433
39 346
233 235
311 332
337 430
26 474
257 346
187 429
101 387
142 254
45 138
82 128
217 353
55 251
10 346
199 388
154 239
15 447
124 312
69 250
219 427
9 127
98 349
211 474
7 86
147 177
216 493
49 492
148 292
139 344
355 455
72 417
147 186
46 354
447 466
28 491
243 466
245 397
116 295
408 431
338 376
107 271
17 228
156 372
318 406
73 143
4 451
137 209
58 407
191 387
295 320
239 497
76 403
132 215
37 273
305 340
15 484
45 444
144 185
301 406
21 343
110 337
65 126
188 440
88 309
39 183
199 431
21 443
5 430
180 437
84 191
112 209
80 282
79 387
179 292
140 200
42 470
291 328
252 287
276 295
281 460
295 329
76 350
230 368
3 258
49 285
40 493
51 389
300 422
38 164
418 480
96 126
307 329
29 357
101 111
95 321
35 312
35 283
189 290
21 496
97 471
98 186
218 264
14 195
287 462
170 240
31 192
184 343
133 386
209 343
91 339
173 218
27 206
340 422
50 316
94 206
76 89
299 447
344 418
228 262
78 114
266 500
243 423
254 329
32 173
305 459
301 334
195 302
180 216
405 500
374 463
38 316
22 110
396 470
202 225
148 389
226 291
12 23
23 358
127 408
6 446
178 207
210 423
256 277
125 482
7 403
321 382
50 189
53 124
55 275
327 427
92 345
406 420
38 433
175 499
288 329
48 176
126 337
276 322
261 267
297 383
363 476
143 182
283 391
315 407
117 308
119 482
320 363
186 468
228 281
118 216
435 448
295 376
275 417
208 398
55 155
24 293
11 297
182 326
217 319
64 439
280 433
399 435
127 285
267 326
88 465
419 441
191 491
361 414
45 251
133 318
283 452
49 280
50 403
31 105
3 332
361 443
353 354
492 500
31 392
97 241
50 158
82 346
116 171
213 448
29 234
152 453
30 386
52 137
10 145
66 383
2 209
316 426
377 474
329 344
221 475
27 88
197 224
138 303
436 491
15 403
246 440
79 136
256 455
277 345
17 341
37 315
177 481
355 357
114 314
54 225
243 464
40 435
436 456
103 245
285 389
87 186
7 275
78 206
180 203
291 422
446 477
52 94
268 454
16 233
192 401
194 195
213 421
42 352
15 226
351 409
111 241
237 357
49 337
290 391
14 244
405 446
172 272
48 429
179 388
75 464
50 60
18 253
185 477
54 324
43 159
412 446
131 329
119 483
142 479
229 450
401 461
197 445
157 338
198 199
200 324
120 285
35 191
55 386
53 476
283 370
117 296
29 184
2 96
165 178
323 357
303 380
20 115
265 472
3 403
239 479
208 431
218 320
211 265
48 139
57 193
442 457
359 379
160 266
269 374
290 430
125 450
54 413
23 402
89 332
351 497
23 486
116 125
287 493
272 406
41 282
307 335
389 415
110 164
108 409
245 356
171 185
182 290
257 358
320 429
62 246
338 409
28 121
354 440
270 344
28 195
158 319
345 348
300 325
98 216
242 417
326 447
356 454
53 107
15 169
52 158
222 257
47 391
384 402
34 437
311 496
105 178
176 243
